6.423017197772905584e-01
1.866324922212011517e-01
5.288412586959444495e-01
-8.471446089268335200e-01
7.888030514596910958e-02
-9.671988813610865598e-03
-5.264887756827357074e-02
-5.585339510446551969e-01
1.000000000000000000e+00
4.962696849247617559e-01
1.000000000000000000e+00
3.873391527605168916e-01
-8.957495322960215556e-02
-3.712314027683492057e-01
-5.008087252969127823e-01
-4.278499863207690379e-01
1.000000000000000000e+00
-3.086106118980398993e-01
4.103319115960558094e-01
-3.652879181045221024e-01
-2.430265595110146504e-01
6.171600047519815169e-02
9.188114968110548952e-01
-6.285185457141760912e-01
4.710176518301949500e-01
-1.000000000000000000e+00
-3.034874221355774448e-01
-9.151401850604826138e-02
-5.526306591758082254e-01
-2.195539649470703569e-01
-5.054376952590003969e-01
-9.010051535189136374e-01
-1.000000000000000000e+00
2.564743771052754306e-01
-3.826288881059087266e-01
1.000000000000000000e+00
-2.029055516758168365e-01
8.333672081013602240e-01
-1.000000000000000000e+00
-4.070847142693901910e-01
7.455821835582320256e-01
-8.921932444515878746e-02
-3.749778700985533231e-01
-1.000000000000000000e+00
-7.317591179785090105e-01
-1.349117007528652934e-01
1.704228821196522147e-03
-8.790711335863258258e-01
-5.470444299154096912e-01
-1.683240501305986458e-01
3.930678130365036216e-01
-2.880716387744038931e-01
-4.626552844257652009e-01
1.000000000000000000e+00
8.781221017778001459e-01
1.000000000000000000e+00
3.065581089160062112e-01
-1.000000000000000000e+00
-2.393954679064401111e-02
-1.371111866178357230e-01
8.662331092411038602e-01
7.386801360315184972e-01
-9.687370461073965267e-01
-3.599888093647164999e-01
-2.065695784176381222e-01
-3.350230549247419365e-01
1.000000000000000000e+00
8.394573159031464005e-03
-2.229353190241609162e-01
-7.776400414738995348e-01
8.126395379973343491e-01
-1.000000000000000000e+00
8.926528465143449553e-01
-2.509766198705812856e-01
1.011440022122450239e-01
-1.000000000000000000e+00
-1.365287455929038440e-01
5.461266691983066579e-01
-1.000000000000000000e+00
-9.562198323116668508e-01
5.289806056632574416e-01
2.276461141598304372e-02
4.261980752267541250e-02
1.000000000000000000e+00
-5.493792492490620072e-01
4.354576756524034670e-02
-5.196246874512328029e-02
1.342012124976285914e-01
3.451634185203159566e-01
-9.886822423505137181e-01
8.548044883538143957e-01
-1.000000000000000000e+00
-1.000000000000000000e+00
8.267774864754952047e-01
1.527456136092058825e-01
-5.945580311423670494e-02
-4.310194033917313372e-01
7.833353312834432369e-01
2.291604061325981101e-01
-1.962707005959843931e-01
-7.947019609905687787e-01
6.501441509578105293e-01
-9.956731601150398125e-02
-2.723526958471216286e-01
-2.758971582038176606e-01
-1.000000000000000000e+00
2.499806770934170086e-01
7.509121522512687275e-01
-6.589479236066507761e-01
-2.497354084337458369e-01
3.857521162423309113e-01
2.328247523472700975e-01
9.057931072666287609e-01
7.401094418984968670e-02
5.523742898494478082e-01
-3.349046749479055451e-01
-1.000000000000000000e+00
3.031806256006841505e-01
-5.234244813435701138e-01
-4.137848507455060831e-02
2.176658016177643595e-01
-8.709747401094408703e-01
-8.013227536628166892e-01
1.107028232376641719e-03
-1.000000000000000000e+00
9.032746291224088564e-01
-6.160270146738753283e-01
1.000000000000000000e+00
-1.000000000000000000e+00
1.651235244585402828e-02
4.919734696987556610e-01
7.364701934613109013e-02
-7.525417591122013361e-01
1.000000000000000000e+00
2.206340493669589897e-01
2.607667490177423275e-01
2.990350398020137357e-01
7.617655400559641965e-02
9.832400616438996543e-01
-1.000000000000000000e+00
-2.667045243757303341e-01
9.334662638451158845e-01
-1.000000000000000000e+00
3.574395267457718406e-01
4.150413064260418117e-01
2.409304779805248806e-02
1.000000000000000000e+00
-1.000000000000000000e+00
6.670748083637685344e-01
-8.920153549756254518e-01
1.000000000000000000e+00
4.513706754297655555e-01
-4.444342570013528615e-01
-1.549461828262065077e-01
-6.036663716095014287e-01
1.680458871853839076e-02
1.588655173507962648e-01
5.755869463322140778e-01
5.741229225984462170e-01
1.258021192385123666e-01
-4.421110386233439993e-01
-5.771780047428070048e-01
9.834463420749786078e-01
2.186409200819743048e-01
1.633117455123102579e-01
3.013225365984703030e-01
-1.000000000000000000e+00
-9.096279871166826902e-01
1.000000000000000000e+00
-3.995420663031122310e-01
1.000000000000000000e+00
8.527743002064707145e-01
-8.507363929655675783e-01
-3.366714138114662580e-01
9.211459339195164908e-01
6.207220782567487299e-02
-9.408331299580409146e-01
-1.000000000000000000e+00
4.939879802267942432e-01
1.000000000000000000e+00
4.912031415212055885e-01
1.000000000000000000e+00
-9.753713515028582526e-01
3.432401384096847585e-01
7.464045884856903568e-01
-8.367789220640861059e-01
-3.093601109618147049e-01
-6.767151608531575269e-01
4.144138379268322847e-01
-5.983324406073816659e-01
-1.000000000000000000e+00
1.000000000000000000e+00
-2.360741158341814194e-02
-1.687608820529420406e-01
-3.099305828937302665e-01
-9.076197132658797573e-01
7.255826233975051220e-01
2.552391470350326430e-01
-6.062009257326382849e-01
-8.903523687794439034e-01
2.094859734870230805e-01
-9.176035439047286468e-01
-1.000000000000000000e+00
-4.694086630686639117e-01
3.706823636035148084e-01
3.668633000013703516e-01
2.024293351915715244e-01
-1.000000000000000000e+00
7.230303425551382057e-02
6.425734799212231563e-01
-2.090844209870484915e-01
5.191243068169696384e-01
7.309675962454393883e-01
5.339886609650900118e-01
9.662560960629960061e-01
-7.237982183453892659e-01
-7.626211903579288576e-02
1.311661576600340606e-01
-1.000000000000000000e+00
6.614770909987166547e-01
-3.841064904252746715e-01
-3.694476685210380529e-01
-1.000000000000000000e+00
1.000000000000000000e+00
-4.385303421249525657e-01
4.484652234946550076e-01
2.356996067481433865e-01
-1.214502613992965024e-01
-4.100293578924078530e-01
1.031211325848636895e-01
-1.168531467088720632e-01
1.942636774884584638e-01
6.945520591357963180e-01
8.391374121709407885e-02
1.423532800594130565e-01
5.729535886308140258e-01
-5.176146457512669219e-01
9.621113178102964625e-01
8.335925990566581678e-01
1.000000000000000000e+00
-1.970771848995504227e-01
-1.000000000000000000e+00
-2.990175630843009968e-01
-8.869108857376666322e-01
5.979523747977228965e-01
7.410384017947945212e-01
-7.901113470569840480e-01
2.662074104718423762e-01
4.047003623301393405e-01
-3.008839048509426295e-02
4.133605852013723103e-01
-1.407079644009813224e-01
1.000000000000000000e+00
6.707777050576601008e-01
-7.821258830343188473e-01
-2.391224580894004692e-01
5.806315156787161813e-02
9.925518774353497831e-02
8.070625119464094332e-01
-1.000000000000000000e+00
-8.762707175877082477e-01
1.957820782534308857e-01
1.453342598441298428e-02
-6.386726252196113229e-01
2.980962936468057323e-01
