4.652468801572703372e-01
-6.290051542735057843e-01
4.953159405756495381e-01
-9.974926687782494916e-01
-2.479897082871782010e-01
-6.342726333528808658e-02
-5.036626352612330049e-01
-6.269750431055380879e-01
2.569075764654424887e-01
6.093574521792908261e-01
3.737757543822217143e-01
-4.319935556054348424e-01
2.297045103351328388e-01
-1.886596920494694185e-01
-8.178537750710169751e-01
-2.936092087120224514e-01
-7.627067452001237147e-01
-5.807533979429457816e-01
4.042633515728571436e-01
-4.549465085849468404e-01
6.172359948592452961e-01
-1.000000000000000000e+00
7.546892577341723918e-01
3.920062243646043054e-01
6.356500489175451740e-01
8.178136367037845966e-01
-4.736173902452456286e-01
6.240291017076489144e-01
-4.433118128043763151e-01
1.881448270140100854e-01
-1.667026820700577283e-01
-9.528904711734491606e-01
-1.000000000000000000e+00
9.458305010224882237e-02
-1.373035450102053634e-01
-1.005656886435920411e-01
-8.365062545644913472e-02
6.116332257168863862e-01
-4.950625036004561719e-01
5.511833763844802281e-01
9.669977797653119822e-01
-9.309572834337479508e-01
-8.826142012880304755e-01
-1.000000000000000000e+00
-1.000000000000000000e+00
-2.156735009249842738e-01
-9.970277703714787443e-02
-8.478857993735019472e-01
1.961474539127561201e-01
-3.150379507678273128e-01
2.445864948108228409e-01
6.590886728203944056e-01
9.644638248757474441e-01
1.000000000000000000e+00
9.773257629173264238e-01
6.259084087541584296e-01
6.189853506711356923e-01
-5.487758860953412254e-01
-6.364464247855197154e-01
1.000000000000000000e+00
7.405956210631789993e-01
-1.929759852368458373e-01
-8.954501886349779394e-01
-8.762076435520191886e-01
-2.717174858799514814e-02
3.166560886328151914e-01
6.766388411173182016e-01
1.464595573778186902e-02
-3.952038948802911317e-02
-2.838073254308564053e-01
-7.145256469098671959e-01
1.000000000000000000e+00
4.609538353591361437e-01
2.423347849981287161e-01
3.598712433035227143e-01
1.809941616208839976e-01
-4.894266878215863814e-01
5.276461151230481539e-01
-7.459998201165455312e-01
-4.741137537044106121e-01
4.489890274681724303e-01
1.878221757106183221e-01
2.998984000939038941e-01
1.000000000000000000e+00
-8.087304537136249527e-01
-8.361553678237534371e-01
-2.985500333196579037e-01
9.996604401502728887e-02
2.325253905706815283e-01
-1.000000000000000000e+00
1.507218270761817303e-01
-6.167707502886818904e-01
-5.841694000037549461e-01
3.723125412919862653e-01
2.416176155465367126e-01
2.690615156800431063e-01
-7.008166809050458967e-02
1.000000000000000000e+00
-6.528773897202759802e-01
-1.000000000000000000e+00
3.148065799335829640e-01
1.000000000000000000e+00
-4.729579817430108468e-01
-7.588048464134489191e-02
-5.904383912038072002e-02
-1.000000000000000000e+00
3.193214308486608810e-01
4.419312274094042703e-01
-3.829921724913080694e-01
-8.252411401430830018e-02
1.420114076170964634e-01
3.371201699826452125e-01
2.730937339808380826e-01
1.602258348237181607e-01
2.752883257315622556e-01
-1.603506537980659563e-01
-8.466903427372205471e-01
1.065944286711144467e-01
-2.708206844541279357e-01
5.015778149740371394e-03
4.608379513523436916e-02
-9.603903739101691261e-01
-4.941225602401981276e-01
-1.923400341496180332e-01
-2.327533980518762813e-01
9.287387508349949083e-01
-6.056187668652547318e-01
6.081356552293604167e-01
-7.080643037345817348e-01
4.716934748499346242e-01
-7.677766752857796695e-02
1.295311806902259555e-01
1.222074475361126095e-01
-2.603462724885000634e-01
4.055175908095383086e-01
1.754904324984800645e-01
4.494392784058222068e-01
-5.993076539357632126e-02
8.412577580805415955e-01
-5.511839265170002111e-01
-3.612228548764523373e-01
8.588700512735745196e-01
-9.159532742423882601e-01
-3.152599243619148145e-02
-9.857426003343307264e-02
6.118163366783238577e-03
7.884887847441998110e-01
-7.476364649742370805e-01
1.940348584619711325e-01
-4.884565944377357583e-01
4.581952038307907094e-01
3.173462006611095232e-01
-6.796845860231400804e-01
-1.429183785032778209e-01
-2.975112323343664378e-01
-7.656490751988338506e-01
3.596951122100692233e-01
8.328153426812087146e-01
6.735073593927096702e-01
4.479080550201171296e-02
5.020917355249741032e-01
-4.353394716469797809e-01
9.921210692874122827e-01
4.681660457948892684e-02
2.531900697732312744e-01
-1.529066331482653585e-01
-4.538377252940088424e-01
-6.548357989527555656e-01
9.840302352131657937e-01
-3.699846788846283818e-01
3.229048893773081019e-01
9.723755966446101517e-01
-2.080961060233148859e-03
-1.297927169727972063e-01
9.350004178100144170e-01
1.712440087970480973e-01
-1.000000000000000000e+00
-9.923320398783241902e-01
8.195247335753839124e-01
-7.800093134144106544e-02
1.488060267880925158e-01
-1.000000000000000000e+00
-1.000000000000000000e+00
-4.363332245803970832e-01
6.685724499061189707e-01
-8.336165371728537776e-01
-3.776885642461220716e-01
2.952877787371203100e-01
6.278157695587592568e-02
-6.883103773268973713e-01
-6.702955006052330189e-01
5.015478118552301190e-01
2.695422114413194570e-01
-3.944815876042703784e-02
-1.788175298034022642e-01
2.034980492537580010e-01
1.000000000000000000e+00
6.842988317897361616e-01
-4.641483136229997974e-01
-1.216906206180935479e-01
-4.830867903727080470e-02
-8.502969535519986355e-01
-3.221175162965840277e-01
5.951120578578871223e-01
7.290629861410162782e-01
8.278621930175222854e-01
-1.000000000000000000e+00
-9.040195003721518408e-01
1.615611363186624655e-02
3.094536744169499864e-01
-2.174422746956833907e-01
-2.684009868976766633e-01
1.000000000000000000e+00
5.843911665914897080e-01
1.000000000000000000e+00
-6.999991689386375615e-01
-1.368062060719387463e-01
-4.754752825637589275e-01
1.976485829397316984e-01
7.315992982184644777e-01
-3.939379719107756195e-01
-2.742816047494280318e-01
-1.000000000000000000e+00
2.376623530900650039e-01
-9.986559771113597828e-01
5.145866727131171992e-01
4.743269765185291753e-01
2.419991295474294701e-01
-6.408097200086910750e-01
2.765952082044296767e-01
9.860278276840589440e-01
-2.592592540092006903e-01
6.042281117790228029e-01
1.103373837986945105e-01
1.732411684412908104e-01
-5.127262887512451517e-01
-4.873079417352715881e-02
7.517437178270599540e-01
9.288300100839989026e-01
-4.771578795148384566e-01
6.687440702721288988e-01
5.533874448228692788e-01
-5.439079245586225797e-02
-3.807931089597900720e-01
-8.856005068736763630e-02
8.620001624123403428e-01
-3.664544994763222485e-01
1.627139424766279874e-01
3.399910759572085661e-01
-4.273906047823372578e-01
-3.262583610975650084e-01
-2.629808707506327368e-04
4.426137270702091286e-01
1.000000000000000000e+00
-1.000000000000000000e+00
9.352358337242754338e-01
2.434171433405160623e-01
-5.214486311275290387e-01
-3.925849952612849858e-01
-4.217492685129246022e-01
-1.000000000000000000e+00
3.734358461672633300e-01
5.384724531205501430e-01
-8.266194727620850280e-01
5.092324517863748845e-01
