-4.727897130210271803e-01
-4.095629044782126416e-01
-1.000000000000000000e+00
4.429133997026340475e-01
-4.022692780121760459e-01
-8.731476072617387896e-01
1.023264425735800065e-01
7.462667991834159853e-01
-5.544042070866154193e-01
-2.549765762452975704e-01
-8.144238254112475817e-01
4.965111069159799939e-01
9.544204905708647546e-01
6.194041679765722730e-01
-5.026505675135657381e-01
-4.170446433775138462e-01
1.477048309792815262e-02
-2.614195270754557932e-01
-3.481242813833038685e-01
-9.096339421473924602e-01
-7.214770162460121261e-02
1.000000000000000000e+00
6.372214829926010626e-01
-1.543284831848655281e-01
-4.686745659913809092e-01
9.736797113741948451e-01
8.741322510165712156e-01
-1.009696988166702281e-01
7.398470254285536285e-01
-2.911199649619142238e-01
7.964166899098075181e-01
1.243647438411474154e-01
9.810836549535236761e-01
-6.658390334001459410e-01
-6.106456235487891515e-01
-3.024721732141008035e-01
6.301855179740613044e-01
-5.916882648320072047e-01
-8.265339914595786208e-01
5.066635981739910921e-01
-4.236385256374538416e-02
-4.185622199755853479e-02
4.987932598214355195e-01
1.200089118144932396e-02
1.000000000000000000e+00
9.171863868758808325e-01
-6.655014350097802067e-01
-8.805489182607657561e-01
5.382460130724859848e-01
-1.119825729340347652e-02
8.955909026770734194e-01
-9.565022242348456549e-01
2.353109615550522948e-01
-7.684310454359824516e-02
-2.219129275764160636e-01
9.251506369976236765e-01
2.570542758470443778e-01
1.877593410468959556e-01
1.961965577171636832e-01
1.444469688886281800e-01
6.055697423305625993e-01
7.620638114951917563e-01
4.252999863883655807e-01
9.172069831211180357e-01
3.381053908728253732e-01
1.000000000000000000e+00
-3.672709953439132757e-01
-7.397514765907018397e-01
-5.151085818341600842e-01
6.408312484199349957e-01
2.340194186833642609e-01
-3.943340243442663429e-01
6.165362885434786389e-01
9.764108060776957032e-01
8.055309585466811084e-01
1.647149582191367867e-02
9.885649856565335014e-01
-8.978843582504381082e-01
-3.431268288261976052e-01
1.327662950240792172e-01
8.407205450559718241e-01
5.181524536218591326e-01
1.000000000000000000e+00
-8.923603665636419269e-01
4.689442907047500220e-01
-8.554914092222697386e-01
-7.547063581404350741e-02
7.165696113169376380e-01
-1.946200720539263962e-01
2.473552464299328402e-01
-5.260606849314646283e-01
3.932622244410314272e-01
-5.543735514279699572e-01
9.999146090231243456e-01
1.611145374539717581e-02
1.540550049297360335e-01
-9.634718491609074453e-01
5.397048927852896583e-01
-6.276339834722374222e-01
2.135449108668696083e-01
5.501163679901695247e-02
9.094179525204728609e-01
9.218705614862272579e-01
4.310409818753367373e-01
3.340790077629246513e-03
-2.311866691257425943e-01
-4.325445816042686742e-01
3.894722081798689117e-02
5.594924899543249897e-01
8.795213594142732572e-02
2.581550806052439195e-02
9.789492551183132454e-03
-9.386012609695821851e-01
3.248378561383309382e-01
-5.221743419551327925e-01
-2.026214446313958917e-01
2.046990491922304756e-01
5.159774051264429673e-01
5.824521341242995254e-01
3.774427447576987962e-03
-5.776760701472853921e-01
-1.599079075474326150e-01
-1.081201051721587536e-01
6.282439471192796665e-01
-3.485027376152003420e-01
4.630871932384744150e-01
-1.214149849041842033e-01
6.992266333668833989e-01
1.006481900264357687e-01
-2.113561965300467249e-01
3.471686114457873118e-01
-4.143317462389391470e-01
-6.575431008251868270e-02
-5.653599261037796087e-01
5.962929033883731522e-01
7.532060368859919142e-02
-8.420238230823147152e-01
3.198189143928563682e-01
2.231992016541898827e-01
-4.365255541274711271e-01
-1.000000000000000000e+00
-3.550578366453645551e-01
-5.223050078106645788e-01
1.311649030880568390e-01
6.175693135745737861e-01
-1.215506336064315351e-01
1.382843623333944449e-01
-1.448279771473903049e-02
1.000000000000000000e+00
-3.706556296000359518e-01
9.469771947613910834e-01
9.515556639542549489e-02
9.441565973032005343e-02
9.155497437417852158e-01
6.888662378991005086e-01
4.481557821401432884e-02
-5.021189022948062686e-01
-2.855427947158515334e-01
-6.630577188226611796e-01
-1.930909790337235199e-01
-1.256285465917319766e-01
-7.399720106566710642e-01
8.419780858503856519e-03
-1.563811673245323608e-01
5.260407167983931487e-01
7.911211575458914069e-01
-2.669363415148919838e-01
9.469880176510261371e-01
-4.629145102842225912e-01
9.441113045079552180e-02
7.592069203247342468e-03
9.542852551791739524e-01
3.653559025312024255e-01
2.145881578175724280e-01
-9.327406082155911271e-01
-4.375331058269186224e-01
-8.657940240716419655e-01
-5.373317348560232576e-01
-2.456435848476457018e-01
-2.878659828233522122e-02
-3.863400651502874594e-01
8.187262460874523695e-01
-9.794640003595074251e-01
1.685749598538996419e-01
-3.395314872127586647e-01
4.098142237090826590e-01
2.257745082755221178e-01
5.434481605850800534e-01
-6.310820337358822307e-01
7.138948626739812786e-01
-1.000000000000000000e+00
-9.699314757301434886e-01
-2.137203616448147825e-01
4.062505858273587345e-01
-4.772795712106140953e-01
-4.859974619001564133e-01
5.283782621237329558e-01
-2.864552047079042540e-01
-4.176210843784316368e-03
-1.181218064491207642e-01
-1.199342052488757138e-01
2.007018292744420784e-01
1.256289402954037238e-01
-8.697007213516864121e-01
1.814033845583267190e-01
9.561761067719960483e-01
-5.694381488098652910e-02
2.864898070581167744e-01
4.799927368526258481e-02
5.758331818015084425e-01
-2.429647449215924515e-01
4.407288915898987525e-01
9.882427454070112915e-01
1.897759243805974549e-01
6.036089111503413207e-01
1.686869671861612741e-01
-3.200568122572077234e-01
-1.000000000000000000e+00
8.870314486923606134e-01
1.129413062457591960e-01
-9.352500721320744503e-01
-7.531999676839535862e-01
4.655129431483784330e-01
7.361848606345139379e-01
2.483958601632856589e-01
-8.638424215302059617e-01
2.235601707198592580e-01
-2.997274211564239788e-01
-3.653456428291181057e-02
6.315290310360566206e-01
-4.212844814500554813e-01
-7.524384616076313925e-01
-9.717149554227162422e-01
1.726681850536291030e-01
9.880158495442721289e-01
-5.741807026565636241e-01
-4.417202354489438432e-01
8.342130785732495557e-01
4.554946397714234041e-01
-9.928221450009054871e-01
7.664423191471558816e-01
8.607884359505313387e-01
5.553570619763280591e-01
7.140060292980390244e-01
-5.745598127797556520e-01
-2.902619373597907781e-01
-7.319736328638767331e-01
9.094038819775575322e-02
-9.294677239048733108e-01
5.898995967338610535e-01
6.561590790689397767e-01
4.448285148241284959e-01
8.640976909001990558e-01
9.390823619483643636e-01
4.506866571828309631e-01
5.418377424408158394e-01
4.642465835161013188e-01
-1.404908701209436062e-01
-9.937852702653069414e-01
6.687543366795423161e-01
1.000000000000000000e+00
1.505873255432202927e-02
4.011018600090731079e-01
3.170806239030442980e-02
-9.586497937815205428e-02
