-6.138986193045532502e-01
4.136419881667137144e-01
-1.000000000000000000e+00
3.191851077115981372e-01
-6.759349899214270319e-02
-7.306522171009199873e-01
3.750605867177879138e-01
5.801755806451286412e-01
-5.645187652673616663e-01
-3.338817698618541385e-01
-7.493825472500816876e-01
5.304865359480620546e-01
9.672831748241135230e-01
-1.000000000000000000e+00
1.845741809816560663e-01
-3.020192836588209140e-01
1.146899736160767180e-01
-2.514394632949009667e-01
-4.554416077164032961e-01
-1.000000000000000000e+00
-1.707588357463915296e-01
7.860209423353192726e-03
4.936769348160645610e-01
-2.227492265477811761e-01
-6.606500429550653530e-01
9.056892941332638225e-01
2.052862667565023835e-01
9.264755453900621607e-01
4.634970664507782612e-01
-2.328378539643429779e-01
-1.000000000000000000e+00
6.428470284969256543e-01
6.468888260870402362e-01
-8.563736311927483413e-01
-3.068850962665647386e-01
-6.735499188936013848e-01
7.416019516444993798e-01
-1.000000000000000000e+00
-9.625709965653597155e-01
4.398701626516285934e-01
-4.841494747038920243e-01
7.017641920694631663e-01
4.109774499418424876e-01
2.785136064251464427e-01
9.337225900071066675e-01
9.876667025263439204e-01
-6.560684003799016617e-01
-7.701482878928940234e-01
-5.115449677222394520e-01
1.514897778168951270e-02
7.865407923685584501e-01
-5.490467161318556000e-02
1.946247003202727921e-01
-1.411416419046893911e-01
-8.713508213046421147e-02
9.886711273994086557e-01
1.826691117547931953e-01
-1.765541100264075292e-01
1.204616684198124010e-01
1.754763392071291284e-01
6.721063929270533199e-01
7.463438910608687360e-01
2.025051213983690424e-01
1.000000000000000000e+00
-3.303170503199157615e-01
8.572193779639503131e-01
7.399458305589745599e-04
-5.583304878707479046e-01
-3.661241242368102888e-01
-2.453467275378887480e-01
-4.356611441479095737e-01
-2.556123115200058526e-01
5.080197605888295831e-01
7.486957888889325119e-01
5.488569817321776734e-01
2.517748281271170452e-01
-1.846937603314857401e-01
-9.260545035098538547e-01
1.887342188468529858e-02
1.573077816201706447e-01
8.361440717172632375e-01
5.684297189038987064e-01
8.496939975438495551e-01
1.000000000000000000e+00
-3.807286826439712502e-01
-8.841340540824087491e-01
-6.046577323789380232e-02
7.455918289086280737e-01
-2.471069781725986902e-01
2.113862180936219026e-01
-6.743374262315253720e-01
3.024663664994996504e-01
-4.111901099706196105e-01
6.941174115098758257e-01
9.391064007364977040e-02
4.169528314692088622e-01
-1.000000000000000000e+00
-3.490756196803761202e-02
-7.151295493137562742e-01
-2.119390714747386439e-02
5.587595862746025377e-02
-4.380733772776110313e-02
3.696789853760009681e-01
6.397014958980308252e-01
1.100039979967001175e-02
-4.373731266686857744e-01
-5.913334271672704423e-01
-2.406146158877447983e-01
5.612601757348026910e-01
-5.864839986502896896e-02
-1.071277940320435884e-01
3.255083991018101197e-01
-1.000000000000000000e+00
-1.848955786664340795e-01
-6.985432803503404120e-01
-2.888274712055809434e-01
1.600434496971701610e-03
6.744626450869675161e-01
5.558144796486237382e-01
4.725179416507698238e-01
-5.617329185645313361e-01
-3.078942723100704937e-01
-4.191346315809646450e-02
2.925646111218965784e-01
-6.245906909103718929e-01
3.683545947745921478e-01
-1.975141167535194309e-01
4.972773624347671673e-01
9.265905915796482373e-02
-6.646513461230833808e-02
-9.291842535334368658e-02
-6.198533706954860723e-01
-1.545071387755508618e-01
-6.081876656281671734e-01
4.359099499747269291e-01
2.916403419605943514e-01
-6.912761040403410107e-01
3.159955313654431719e-01
2.512976145527048288e-01
-3.890305331417504564e-01
1.000000000000000000e+00
2.578099710575444681e-02
-1.000000000000000000e+00
2.311104744908377973e-01
-1.000000000000000000e+00
-2.527579770802583226e-01
-8.491965556689634598e-01
-4.955393789389062054e-02
-9.272079619320749977e-01
-4.623629207821790543e-01
9.486012526328466699e-01
5.267425358125706891e-01
-2.103498878172408923e-02
9.341838832637394674e-01
1.000000000000000000e+00
4.176382468396788172e-01
-6.209257884517609405e-01
-4.572121737635795324e-01
-7.721779951111537033e-01
2.666711401615122767e-01
6.124684679953112942e-02
-6.324534108131090182e-01
-6.183964595193158775e-03
-4.430103878370265091e-01
4.042819627749382194e-01
4.221511139822732850e-01
2.687721356558735453e-01
8.458390297955398207e-01
-6.609423179280226046e-01
5.096037031119500516e-02
8.770887309430385192e-01
6.700721909686115918e-01
4.446948964985213415e-01
-6.447388019415055682e-01
-1.000000000000000000e+00
-3.907438999093967302e-01
-2.847460195691846052e-01
-8.403932046168307579e-01
-2.168706188735822771e-01
2.564603158236387556e-02
-3.640249449206521271e-01
4.590866450565589396e-01
-9.887192668119302308e-01
2.980255441012472084e-01
7.738964119611222436e-01
4.656473938527956324e-01
3.978984800589682735e-01
-1.033597140851049423e-01
-4.074038411918460278e-01
1.330594179699426949e-01
-9.882142633995070202e-01
-8.336267447461107594e-01
-7.029933392187894814e-01
1.000000000000000000e+00
-3.679413034664799076e-01
2.094642919318397134e-01
4.786199834873351988e-01
4.254504829866629367e-01
-4.618557641328728258e-01
-3.914637538473608736e-01
-1.364647905557937468e-01
2.066064959865698547e-01
-3.316806922571507998e-02
-1.000000000000000000e+00
9.955437245703707694e-02
9.301614759274168254e-01
4.770099211207988743e-01
-9.592511743008812486e-01
8.438540114066006570e-02
4.117505278353468245e-01
-5.727429416990211797e-01
4.429012963095182998e-01
1.000000000000000000e+00
2.066687883432857809e-01
4.439335324083910628e-01
1.741133031060597691e-01
-1.430659854054614766e-01
-9.287683634969596813e-01
2.052150465651138289e-01
8.674780530104675424e-02
-9.295548148768850716e-01
-7.497445478217481529e-01
4.418544170871320231e-01
3.247652829891420345e-01
-2.472559468510420258e-02
-6.370432939828221119e-01
2.457658877353532667e-01
-1.204528732439778399e-01
-1.812635810648426105e-01
7.132728955903913093e-01
-3.510638350692439347e-01
-1.000000000000000000e+00
-8.770237054547613820e-01
-1.630152959147251335e-01
9.988365266705991896e-01
-6.241374286401609739e-01
-2.715417064644571887e-01
6.230030946661091473e-01
8.025913088169366327e-01
-9.766537569280225872e-01
-1.639077701184897262e-01
8.508000637850332559e-01
5.646691862455257560e-01
6.443608926832655737e-01
-8.508289306628571413e-01
-3.373884890219557842e-01
-9.658488045414866940e-01
1.077272329146714697e-01
-6.844756801384000999e-01
7.215181926664075984e-01
1.000000000000000000e+00
7.047245813865739006e-01
5.445101843859211366e-01
1.000000000000000000e+00
4.844633396729743913e-01
5.167819580963224357e-01
-2.141962282940165774e-02
-1.393092770616343179e-01
-5.574567377374466393e-01
4.540171554880013116e-01
1.000000000000000000e+00
-1.167957670753720784e-01
2.157705753440015972e-01
-5.469040927223244308e-01
-7.045748061018822228e-02
