3.897661396135762013e-01
8.568016162430260874e-01
2.562445468591846298e-01
-9.279454315409395304e-02
-8.774762116138576928e-01
-4.083416343796715808e-01
5.563117228132867798e-01
2.832890164405132624e-02
6.553716715697400878e-03
3.639004928430931152e-01
-7.004943339760412169e-01
-7.259795337549435762e-03
5.658548514809933483e-01
-5.374526520558913223e-01
4.314408829052059358e-01
9.760400283415240352e-01
6.723666787816280355e-01
3.919245195985604502e-01
-6.887696241259986252e-01
-3.706224334888511551e-01
-1.843899029572337589e-01
-9.142213568797484813e-01
6.875378464857868632e-01
5.615796132849557587e-01
-4.779114384724204578e-01
5.143988198617335250e-01
-7.073611819734298978e-01
-8.460032523830581797e-01
5.146234723163310987e-01
-2.153866990787103031e-01
-2.294009926523858656e-01
5.236881573303870940e-01
-1.711257411471021062e-01
-5.896096273986320968e-01
3.294435685710153106e-01
-1.107438052499299497e+00
-8.746163756243052756e-01
1.063276411859558901e-01
-5.447988968965866707e-01
8.796715854391863321e-01
4.604519085664117717e-01
-1.402977636901806102e+00
-1.159140057816935021e-01
3.997119475087039797e-01
5.377866158908816141e-01
9.757627771989811905e-01
-1.704836734567045931e-01
-3.502214289956130377e-01
-2.909473151718232620e-01
-4.705080998672800385e-01
9.718035629088865590e-02
-5.547154610176511236e-01
-6.564325214708519596e-01
-9.240207183897359844e-01
1.245590674271057074e-01
-3.489238247064337384e-01
-6.596333725937770787e-01
-2.637082009495273494e-01
1.674443643396726356e-01
-4.412416300343641740e-01
1.046419916216196677e+00
-2.671718039289742719e-01
1.917271718598266839e-01
-6.379378182845474310e-01
4.659818874278184309e-01
-2.905146356951657793e-01
-1.181881224122718788e+00
1.751790302189967508e-01
-8.910040738805214966e-01
5.848304679957382346e-01
2.373242981876713675e-01
2.788441442303292161e-01
-1.608847958680053036e-01
-5.539668476792791729e-01
-7.024149155473216055e-01
-9.047019705502905573e-01
-6.083963890868581137e-01
-7.596915013224465607e-01
-8.152768448747138574e-01
-3.962394351015533500e-01
-5.602363994743146947e-01
-8.410655732251484107e-01
-1.011939553978911110e+00
1.177429525218920414e-01
3.049332090595857636e-01
-2.794462930963144687e-01
2.151827146809858274e-02
5.075447972007290920e-01
2.132029213696776004e+00
-5.004207125810632428e-01
-4.635770920927841793e-02
1.035928693096598074e+00
-8.244174940132720231e-01
-9.045939538888256859e-01
3.744792048863981870e-01
-2.950701203965122588e-01
4.308391638335190010e-01
-9.361368099510691820e-01
6.952268523896086849e-01
-6.984221984704600539e-01
-1.452362639289436486e-01
-7.037963378738758546e-01
7.622849390974747452e-01
9.263033027483824622e-01
4.626584888852409705e-01
3.310605176872409294e-01
5.419518868442915749e-02
-8.852634207889469309e-01
-1.045090626252051180e+00
-2.393265143607716527e-01
5.816709646890454444e-01
7.047625403476902584e-01
-8.532283735046828355e-01
-1.814566542661512627e-01
1.317965254499096295e+00
-6.802236371305137030e-01
1.687561584457756836e-01
-7.778408939588892235e-01
2.078189633760265109e-01
-2.838947719979169615e-01
1.034847522122832375e+00
1.641519596793579172e-01
-5.154451848599952424e-01
-3.652307394747948410e-01
3.605880008143120818e-01
3.536899381651505969e-01
5.848578675731787996e-02
2.845325425645545692e-01
-1.006246759303290217e+00
-6.766219081357560672e-01
-3.639820534813166808e-01
1.313008572564168475e+00
-1.271629845318402452e-01
6.287347468597779265e-01
3.558022098286666157e-01
1.233257928212549981e+00
-3.228968189322903859e-01
-1.236930910097611691e-01
-6.373759748910421408e-01
-1.556603710159088771e-01
1.356306288891292455e+00
1.150544782980017944e+00
1.218596315368917438e+00
-4.253021255346278173e-01
-1.227336481891769943e-01
1.856217933469256898e-01
9.001448049844488208e-01
-6.135904627967220248e-01
-4.600459213840539519e-02
9.143965835448236712e-01
-8.753211008222050449e-01
-3.792650653855293014e-02
7.153219960251722132e-02
-8.129722671934267453e-01
7.684004282180859624e-01
3.718055713400231915e-02
7.221184376719541609e-01
3.422283337897732425e-01
3.176944882432187756e-01
-1.194205613711942088e-01
-2.342284546623038810e-01
4.679416150265878205e-01
-4.908010946608462044e-01
-5.526210634771158148e-01
-8.339654678988431824e-01
8.646881382018358764e-01
-4.439400922061079724e-01
3.438421144696508502e-01
2.455795362536737081e-01
2.355793634124135338e-01
2.399006674217543655e-01
-8.620911990652311285e-01
-7.937443257531044960e-01
3.914789801003465408e-01
-9.996145670167995434e-02
7.166957352961089711e-01
7.032865341239280532e-01
3.062140421605138996e-01
3.105791906965055804e-01
-6.444477885193977684e-02
1.135324713626171961e-01
2.818462587762732285e-01
-3.813775633721282476e-01
5.686680452757092441e-01
6.816970945723026531e-01
2.886409681628943069e-01
-2.582651210430033650e-01
-1.439593444047629900e+00
-3.457204035172473100e-01
-5.584278721977562476e-01
1.092646767583667078e+00
-5.360310614058355627e-02
1.931509936109263113e-03
-3.415230555381987831e-01
5.673659708105240895e-01
-8.504892432911786981e-01
-5.339027055107848918e-01
-6.364687811842962839e-01
1.048617604635602829e+00
8.690348689296734097e-01
-1.414890043694264854e+00
3.223000510391953455e-01
2.256019117722641576e-01
7.878305732244538229e-01
-7.379079662129209849e-01
-6.265459500600051301e-01
3.263792533087850889e-01
-3.208535474195453596e-01
1.628212970039536689e+00
-7.556276539933074465e-01
-6.989178765703700780e-01
-2.861480912509550834e-01
-1.359622366474170230e-01
6.391820707947536429e-01
-3.123931759975971945e-01
-4.157655331065998605e-01
-1.052430339457419262e+00
2.209656542177990124e-01
1.336013353433658235e-01
7.998501709824648032e-01
-6.175749209253083016e-01
1.045550364265293852e-01
1.472044258719172660e+00
7.824053902415939454e-01
5.992230457196086046e-01
5.059384518341897286e-01
-2.350423959781098443e-02
-1.771761111678330780e-01
1.200735710602965495e-01
8.255602352673790945e-01
-6.235530478307134139e-01
-8.679408583726833104e-01
4.910993181038693089e-01
1.340622930960305437e-01
-1.895810666675008110e-02
-7.905740261011084957e-01
7.709745227526874078e-01
3.758476081763558740e-01
2.682543398883745489e-01
-8.384401201780866675e-01
2.645042339286680644e-01
-8.538633419218656373e-01
-1.119226378197440086e+00
9.333387799172089550e-02
-7.313998312610983099e-01
-2.495141718728000058e-01
1.320598879277401050e+00
-6.116832367029213513e-01
-7.245145118170688292e-01
-4.168433850762125470e-01
-6.383887780674010193e-01
2.349211923236527721e-01
-1.132486238289756919e+00
-3.604288923045499970e-01
-1.014439010765560090e+00
-4.717125416367621282e-01
-9.710849426363686240e-03
-6.721775988440006344e-01
-2.205744274547585815e-02
3.344676243326537568e-01
4.820832676214062418e-02
4.029531373579695042e-01
1.213000201463110717e+00
3.090198833279059754e-01
-4.730193848460821915e-01
