-3.351923717569548766e-01
2.451202886587633412e-01
8.448447256448081422e-02
-6.885491742039943075e-01
-6.270670809446211580e-01
-1.000000000000000000e+00
3.930440555757360732e-01
3.631063636068439515e-01
4.709545524249026394e-01
7.931059357604188786e-01
-7.701399933209474025e-01
2.421642357985934746e-01
1.000000000000000000e+00
-4.041234714222699531e-01
-5.209551552600170110e-01
5.451857214873153668e-01
3.607895057556577134e-01
3.264172976326633335e-02
-5.158299683220490817e-01
-3.168375531131954470e-01
-1.000000000000000000e+00
-3.461440072686419733e-01
-3.117272725922000109e-01
-5.893985885489571031e-01
-9.228694462152419176e-01
-3.779986427495412582e-01
1.949224160952581775e-01
6.824159547431338790e-01
-2.442745590309175763e-01
-3.500314771579888795e-01
-2.257334539974367171e-01
1.000000000000000000e+00
1.827350840392465980e-01
3.294737022586787800e-01
3.224394887341304750e-01
3.660364400971211074e-02
-3.740597297821915412e-01
-3.306426007070414896e-01
-4.470879409602293575e-01
9.028292862547473430e-01
8.395708980208415051e-01
-2.823390639397709845e-01
6.582576687637842205e-01
5.169152479094245578e-01
1.563258870378650411e-02
7.115536923183438667e-01
-5.641607035575557649e-01
5.641780891264516762e-02
-5.095905268316682779e-01
-1.000000000000000000e+00
2.346480943308418277e-01
3.825521448117383261e-01
3.965755733654909854e-01
-4.991161692554465512e-01
3.089090571302752913e-02
1.876139831130002045e-01
-5.785452510356354772e-01
-6.264516722842849994e-01
-8.473090055721327341e-02
-5.493734360732759336e-01
1.016026491956022043e-01
-7.522378173625402509e-01
4.745168959927532626e-01
-1.000000000000000000e+00
7.784541142745312614e-01
-7.078974541424587485e-01
7.942272442083778694e-01
5.503301508717293178e-01
-6.778291199455862559e-01
-1.379564460696390826e-01
-5.503231311803939985e-01
2.060913837840505636e-02
1.207293007576959176e-01
-4.974528904891845071e-01
-5.229469950521702382e-01
2.764805904670923908e-01
-4.665380683181237220e-01
1.000000000000000000e+00
-4.506800400419971320e-01
1.441267241627781914e-01
3.427355075316885769e-01
9.872373864795794818e-01
-3.528324017057321016e-01
-7.632670555869827123e-01
1.000000000000000000e+00
-1.199999093091220909e-01
6.734032326917411826e-01
-5.220913376236693271e-01
5.440841079177591855e-01
-5.926619592570043782e-01
-6.692946552552119233e-01
-4.596735633266659793e-01
-2.089841533195445633e-01
-5.875664045766756383e-01
-5.484711013007592673e-01
5.841355133625159013e-03
-1.775846248627728774e-01
1.000000000000000000e+00
1.000000000000000000e+00
5.672869989825862769e-01
-4.904705731332131280e-01
-8.556534536734957674e-01
9.913927703869451769e-02
-5.630752973200466860e-01
7.197673142954095216e-01
4.090848135772333638e-01
5.599856738641382226e-01
-4.819188180077225714e-01
6.118529911647352382e-01
4.494372884150693581e-01
-5.359036963681345078e-01
1.016234985448785377e-01
-2.028655719017835035e-01
8.549837587049209375e-01
6.041771537400538739e-01
7.846171948950736441e-01
-1.721994805781795757e-01
6.021461096872795515e-01
1.602528009689898614e-01
-3.780616241365299945e-01
9.346620322128966762e-01
-8.792543664876842913e-01
-6.026139567635775685e-02
-5.354073690353033932e-01
3.337139245250013708e-01
8.416550749691216193e-01
-2.593703367615337041e-01
1.187625012109369549e-01
1.956510215204296799e-01
-1.000000000000000000e+00
4.947467601657549174e-01
7.557478876298165948e-01
6.794494494570066934e-01
-1.000000000000000000e+00
-7.398607719775087688e-01
8.422629890232449235e-01
-7.919470646177806383e-01
3.104001965556789089e-01
-1.435486419297968830e-01
3.698547447973428159e-01
-5.414690408964142332e-01
4.830083795331925334e-01
1.000000000000000000e+00
3.734047909104188379e-01
-3.353990754196850554e-02
9.465928276210864301e-01
4.478680096378536701e-01
1.776799462821542497e-01
-4.087637309484250525e-01
-1.000000000000000000e+00
5.574794571723001857e-01
1.000000000000000000e+00
-3.319846261842132051e-01
-1.000000000000000000e+00
-4.087101153600533054e-01
1.000000000000000000e+00
5.805834801818632318e-01
6.379215153924598924e-01
1.000000000000000000e+00
2.027088538275350349e-01
-7.538344575691000582e-01
5.316778131820738551e-01
-1.724249358708240809e-01
6.102127756250886881e-01
4.594920653997785487e-01
4.145576659775448425e-01
-1.628860963511319926e-01
7.021813276173040075e-01
1.441834882506037863e-01
2.152601101956813645e-02
1.552020694081640007e-01
-1.127775747790143446e-01
5.016539439766005692e-01
-2.852299978733868202e-01
7.568712579954153252e-01
9.943528683240437926e-02
1.168077130686950293e-01
6.310337462074754322e-01
8.465768937051487697e-02
-2.323260383458218559e-01
-6.774146464339864115e-01
1.280314277474388640e-01
1.719805699244404962e-01
3.984955431328603970e-01
7.505453571398048584e-01
-9.823399544612850809e-01
-1.989166223301117031e-02
-1.437313502759768047e-01
-1.739742355575740751e-01
4.774179490949203020e-01
4.091153685709680854e-01
-9.314320516551197748e-01
-7.111910337240701097e-01
6.392265881083178947e-01
-8.566333992874901604e-01
-7.407152960916001394e-01
-8.987217685888200247e-01
-2.644705887703481528e-02
6.269897637132029189e-01
3.762071278505466077e-01
-7.141128632275925980e-01
-1.247255421274301584e-01
-1.000000000000000000e+00
3.312118145494384880e-01
-1.000000000000000000e+00
-2.415292170832484819e-01
-1.455206828681331055e-01
-2.710416999297305951e-01
1.000000000000000000e+00
3.253655576512768377e-01
6.244680423878450765e-02
-7.155091237699117146e-01
3.052662417892090807e-01
5.666446256419571670e-01
-6.355467672632368892e-01
-8.530022206640469618e-01
-4.888946718723667928e-01
-1.000000000000000000e+00
5.833914243745370598e-01
-4.849206598137523194e-02
-1.000000000000000000e+00
1.000000000000000000e+00
-7.127985504586734078e-02
-9.402131746399400303e-01
-4.265752718277286970e-01
-1.000000000000000000e+00
-5.621884238605832085e-01
9.835500693407345230e-01
3.018114063615413845e-02
8.551750356718660351e-01
-7.065490257668334273e-01
-6.356083442078971912e-02
-6.047438152772321995e-01
3.345186811481569711e-01
-1.000000000000000000e+00
-2.578427584202261369e-02
7.710557822780939041e-02
5.583211460290504746e-01
3.574287081219437168e-01
8.096711443886814852e-01
-7.812435609829758709e-01
6.655421648569640469e-01
7.322629382320932079e-01
3.298216237215410018e-01
7.856610601787944459e-02
-2.811101194089697386e-01
4.610058864104286114e-01
1.000000000000000000e+00
-2.999850697541082134e-01
-3.249478309999141445e-01
-2.730474251881566117e-01
-3.366320628376425761e-01
3.857278331400176841e-01
6.594176474813520095e-01
6.146170728300779373e-01
-2.993804245694720589e-01
-5.428589517336852577e-01
4.846141846465479297e-02
7.610576937743682713e-01
7.257905693861462781e-01
-3.588973282838265888e-01
2.088406514854372897e-01
2.810369344734216512e-01
8.837991199133413689e-01
7.159679580973123958e-01
