-3.395586642694095048e-01
-9.802699019758322196e-02
8.863859130352780280e-02
-5.938910039261139362e-01
2.287341517623707188e-01
-4.870632908815299977e-01
1.824894792658351139e-01
1.547359189155769754e-01
5.138508009965779832e-01
7.845237329573493401e-01
-4.782270473437191804e-01
2.012721267633234834e-01
-8.096195580189020635e-01
-6.223455823985215574e-01
-5.123444209131586824e-01
-6.030086914388911312e-01
2.427464648006333880e-01
-1.777958425096942685e-01
-5.067727901127210277e-01
-3.343123995194279829e-01
-9.433337687282963291e-01
-6.107753608548810442e-01
-2.707209878135412306e-02
-5.221380629421598085e-01
9.397423045074067005e-01
-6.153335948956241142e-01
1.690104714089025739e-01
1.000000000000000000e+00
5.808017060437503654e-02
-2.595409336737434236e-01
-1.745619870354347403e-01
9.900382137228012080e-01
2.476304021870210370e-01
3.472029136114332948e-01
3.225981022516815622e-01
-4.730743504745275885e-02
-3.256219976500348556e-01
-3.234262358181886898e-01
4.559612669094700865e-02
2.094724839169764818e-01
6.281552210977309203e-01
-2.826445296298147336e-01
7.136250195900444293e-01
6.405036345100402206e-01
-1.891515506165947214e-02
1.000000000000000000e+00
-5.767591447769649937e-01
2.500929493874348014e-02
-5.030026865982224482e-01
-6.270442552675711823e-02
4.203760968826075750e-01
4.961323033949001093e-01
8.062183548544696321e-02
1.332910168213337632e-01
-8.052761092146581978e-01
1.884788753022340613e-01
-5.762557292280758858e-01
-6.110407336953400659e-01
-8.398785344191482538e-02
-4.633005710650351938e-01
-8.158798530383781777e-02
-9.806947448711890170e-01
6.776371080329551821e-01
-9.961873124374716060e-01
6.946237655485738571e-01
-2.268575530799308293e-01
7.116206783416246795e-01
5.214637447941302684e-01
-5.278281148441187343e-01
-1.450853103314627413e-01
-2.434854810358530741e-01
-3.821450342399364541e-01
1.530609375386033366e-01
-5.014914907167096203e-01
-9.740071120254574222e-01
2.634065703981339213e-01
-4.705985247766437118e-01
1.000000000000000000e+00
-5.116868709275509408e-01
-2.382346673910585855e-01
-1.000000000000000000e+00
9.905935699749111034e-01
-1.748707965710311896e-01
-1.000000000000000000e+00
9.596739589557810035e-01
-1.101277583988060846e-02
1.000000000000000000e+00
-4.356458949508413836e-01
3.646845733890322627e-01
-5.224922540515301028e-01
-3.567472770326601261e-01
-8.485355324673976574e-01
-1.644187689219199222e-01
-6.756715582204868564e-01
-6.344253779888172629e-01
-5.735259160548071729e-03
6.425346780090908372e-02
9.825875642713709501e-01
9.925049775577243771e-02
5.601737178245240756e-01
-4.881862227370603602e-02
-8.206836242427930639e-01
2.973895762980621749e-01
-1.000000000000000000e+00
-4.109228549133585595e-01
5.629391556724877566e-01
2.307851299301886538e-01
-4.155712161876867761e-01
6.893201316440349391e-01
4.408822566617478511e-01
-4.195155292035865902e-01
6.016562712739432772e-01
-5.722382361899192027e-01
8.330968157926927908e-01
6.162950888469824751e-01
7.911730515115804607e-01
2.375162896985879568e-01
6.726817675296126176e-01
-9.823960713126957123e-02
-8.202791990013398316e-01
8.763993137664914945e-01
-8.797344875211849935e-01
-4.597960893035147878e-01
-4.225043061358876306e-01
-2.115420071457971285e-01
9.552487684597903428e-01
-1.408964891972259992e-01
-1.785778560251072289e-02
2.464664732237181743e-01
-1.000000000000000000e+00
1.202570635533394550e-01
3.325324236458483407e-01
6.794642290029533349e-01
-8.380472212200906768e-02
-6.096862866236081313e-01
9.118488298156304239e-01
-6.329855488047808620e-01
5.966241748198716222e-01
-2.999700602607374700e-01
1.230725476803437024e-01
-4.123936970257887080e-01
6.020358606041983363e-01
1.000000000000000000e+00
3.798350540228356831e-01
-8.936020674446191192e-01
9.507814726791652404e-01
6.106820259224249314e-01
5.437485143352744493e-02
-4.424633192027510598e-01
-8.953318632408007183e-01
5.867053393712068354e-01
1.000000000000000000e+00
-3.491890256661274172e-01
4.237555498803243226e-01
-8.098504645420108172e-01
7.779934564359083371e-01
5.753784159259208719e-01
-1.685540159835566265e-01
7.259302860366715349e-01
3.653450787698103719e-01
-7.764432541859799253e-01
5.253469564083211862e-01
-1.787903567957657980e-01
8.432378921160509355e-01
3.927771067990695197e-01
-1.000000000000000000e+00
-4.258450460780703328e-01
9.809014923490819715e-01
5.257281794206891679e-01
-1.103540680195200588e-02
-9.012312938239621651e-01
6.940857808738157830e-01
4.021834224160255600e-01
-3.127921409720971768e-01
-1.000000000000000000e+00
9.906250188915936838e-02
2.846357854511568641e-01
3.699531294827025363e-01
4.497065381762205272e-01
-2.501795621582678097e-01
-7.414122045060675958e-01
-7.075229630611733211e-02
4.077167651360171230e-01
3.098300817192124468e-01
7.868912862704722233e-01
-7.578537147981427857e-01
-5.683685205321790945e-02
-2.109853380317369131e-01
-7.439620410428077202e-02
5.433471076872908867e-01
4.645794966845004925e-01
-5.851958790342296490e-01
-8.953174718032239632e-01
4.968283362983111351e-02
-8.486036747391451085e-01
-8.562750526379970806e-01
-1.000000000000000000e+00
1.386423189138347445e-01
3.350810812651164317e-01
1.000000000000000000e+00
-7.132031660656974470e-01
5.027191937977559810e-02
-5.444802076618961983e-01
3.281135433201867735e-01
-1.000000000000000000e+00
-4.198319459430630562e-01
-5.022546262863674116e-01
-2.095305492946915871e-01
9.217776173608798196e-01
6.380040569845606413e-01
-1.701505422106713850e-01
-6.643960219641561471e-01
2.695781239436335075e-01
6.551062648258745291e-01
-3.869226641519153964e-01
-8.911335173220630290e-01
-3.884195275011349535e-01
-3.434261425230600850e-01
2.241949265486910814e-01
-5.765738361878290918e-01
-8.646210720586903209e-01
8.267257736053648109e-01
1.728586080122596069e-01
-9.127325438556803672e-01
-2.439669081347500545e-01
-1.000000000000000000e+00
-6.000415359284206884e-01
1.575832433502490360e-01
2.313752487671151548e-01
9.568871209578391213e-01
-8.435954821735399678e-01
-5.439321778623342624e-02
3.477892283614397728e-02
3.524765789702477004e-01
-1.000000000000000000e+00
9.624335624877849993e-02
9.683334730185090555e-02
-6.433200754742248728e-01
1.996919127918104775e-01
8.043988056658368802e-01
-7.098073195988984230e-01
4.952754903038357748e-01
9.894319468325314393e-01
2.614803245389977215e-01
-3.062678047048462970e-02
-2.804853040390975494e-01
2.503839898584819812e-01
8.012631283576318042e-01
-2.765157635450471441e-01
-3.265909853670185270e-01
-1.796380117238164931e-01
-8.975636774507687876e-02
9.420142010134779920e-01
9.579035707105354458e-01
6.046735835667629289e-01
-4.799289836681318033e-01
-5.938091870833785979e-01
-1.713302626116348926e-01
8.939885185742122431e-01
7.074814147471674142e-01
-4.682584289515813736e-01
9.105110527210470428e-01
3.813022072800731910e-01
9.898166822445620960e-01
8.060926404012362934e-01
