-7.027044850866237535e-01
-6.133370780377617876e-02
6.074764432493906519e-01
-8.934267705103747514e-02
4.961675686301297850e-01
-1.133170175426894577e+00
3.884669692232445293e-01
-4.653006190404888609e-01
1.495579479394441913e+00
1.933383638859440090e+00
6.778756756047581156e-02
1.592019832093249709e+00
3.869796205479169693e+00
-6.388623283312956369e-01
3.509338432602557289e-02
1.009800675133863290e+00
1.200289982043109660e+00
-5.941302446005345406e-01
-1.749255674882509881e+00
7.297359830655200108e-01
3.399158378448708939e-01
-3.238449215739916398e-01
2.771262843738981907e-01
1.113084602471323459e+00
-4.124104922052539424e-01
-2.690033462097180528e-01
-1.136298853752127469e+00
2.409862872618982466e-01
-2.517456628687453346e-01
7.838949438576283679e-01
4.762025305240470407e-01
-1.279012154024810499e+00
6.553915184053012988e-01
-1.420552598774445396e+00
8.696500357888401478e-01
-6.343424867021603131e-01
-4.492293114511033969e-01
-8.273813690040725533e-01
4.786936529277059371e-01
4.812949020907715258e-01
4.198254632374602835e-01
7.568469888961086856e-01
2.615459866138971634e-01
-7.514253983482814536e-02
4.256141149316149397e-01
6.278502150948694904e-01
-1.326803574421759613e-01
4.176723559700347942e-03
-1.062991944360270891e+00
3.000852980135029768e-01
-8.495140264374474448e-01
-1.110427399183977926e+00
-9.768049730526180419e-01
-1.380160550242745643e+00
1.233303401251851505e-01
2.860388615041454807e-01
-8.458757746490566110e-01
-6.489335194599150647e-01
-5.136302210830587800e-01
-7.381230414783952476e-01
3.385917474956320339e-01
2.480145420581571503e-01
7.245838781736340106e-01
1.990269748163590868e-01
-2.859281068662774539e-01
1.685259255085465480e+00
3.458836357586790866e-01
1.021578342213589785e+00
6.383996728575740132e-02
-8.822679587528119149e-02
1.753943269901866664e+00
-9.244870471880957119e-01
1.350996852314292340e-01
-3.663961471406417675e-02
-2.520361191642574994e-01
-7.490456436572876520e-01
-4.392944873059324018e-01
-8.942990431083835956e-02
-6.787110973258155822e-01
-6.394260136209488632e-01
6.757941569954131200e-01
8.136380920754021639e-01
-4.873788650352662288e-01
-5.989030546383977693e-01
-2.900955703184441292e-01
6.922606660104957399e-01
-3.194221508136375620e-01
-1.050625577107186098e-01
2.876767207611517385e+00
7.805400497932515336e-01
-1.024041322005270427e+00
4.513131089075622659e-01
-4.460441987174210698e-01
-1.514603713616964886e-01
-3.388104228858735967e-01
-5.938786267843498834e-01
-1.619823089274900596e+00
5.742162402156524292e-01
7.462930197888093531e-01
-4.792570679243012832e-01
9.963097779549309196e-01
-1.236851857232499796e+00
-4.747551882572949022e-01
-1.713127675210544820e-01
-2.190567340159430998e+00
1.894298902937943951e-01
7.118205171935052533e-01
-8.392697828901625190e-01
5.118642388759270245e-02
3.794413892921320031e-01
-2.974195773213674995e-02
-1.454052257494058198e+00
7.296569991386826493e-01
-1.666468790048124538e+00
1.110355918838066946e+00
-1.680052839993618208e-01
-6.892604037170295683e-01
-1.147865337229142108e-01
1.957758326031847074e-01
-1.084397117651500209e-01
-1.117646546308271649e+00
-1.755704033957213195e+00
-3.962119608077775967e-01
3.475674634630322446e-01
3.479187600757249754e-01
1.152039516250477735e+00
1.699036912882301575e-01
1.869886236873601892e-01
7.130777483998245181e-01
-9.942124541805816285e-02
7.793986328576926192e-01
2.606608024739776597e-01
4.681270800655337738e-01
-1.022535414730462611e+00
9.156016656239668317e-01
-1.088341454734885527e+00
7.432442258167429872e-01
-2.047522927029452156e+00
1.035374668237686091e+00
-5.359195363770080656e-02
-1.147890720914989782e+00
8.713713178889564981e-01
9.976443954466683861e-01
2.697421201236230859e-01
-3.436055140562417343e-01
6.955310615589074263e-01
1.023580427454648945e+00
-2.127290731640603672e-01
1.641012871695091135e-01
-5.611824790782353467e-02
2.064993179746517638e-01
2.119581638827467418e-01
5.493853760591285718e-02
-1.553152258393522445e+00
-3.986611275233026830e-01
-7.185120886479156033e-01
6.170626966332516394e-01
-1.144044159989031084e-01
9.873744075477772775e-01
-6.816123782349928772e-01
-4.519366739922406895e-01
2.903470335060632790e-01
-1.242710837360421205e+00
-2.119906075601790119e-01
2.393221873645110243e-01
-9.718403978762947537e-02
-1.274258618302329227e+00
-2.650963006683261791e-01
4.552231664062509342e-01
2.615271543911517060e-01
-6.540320786593365465e-01
-1.824061033715832225e-01
6.810737533097719343e-01
7.540181093508714349e-01
6.148775899384754939e-02
7.096109619103011523e-01
-9.917896089132763326e-02
1.495994836879945833e-01
-2.277075795112913636e-01
9.241616965431918851e-02
-2.785063223654336451e+00
-2.828861843543727606e+00
-3.191800484641805352e-02
-1.333404707733544470e+00
5.318357047826577366e-01
-9.600240813133432694e-01
1.123511136191790660e+00
7.050473255037276177e-01
-1.408758069673348157e-01
-7.493644689842153817e-01
-4.044941488605945101e-02
-1.461537305874397674e+00
1.366833300820248509e-01
-8.687334939569971715e-01
2.638266363496704514e+00
5.210592728316540967e-01
-4.748384475484861422e-01
1.929207999835491349e-01
7.432872210711272132e-01
6.224762109848609448e-01
2.265662460733140482e-01
3.323119775007479793e-02
6.716497261152107878e-01
1.004430968927657153e+00
-2.088420847162892890e-01
-3.610048245202798767e-01
-7.355014615796233723e-01
-3.366999798325733262e-01
-3.819610504734142764e-01
-9.653547056875996790e-02
-1.291441797145295389e+00
-3.078558232447582421e-01
5.285407163388260443e-01
1.153527871347399314e+00
-8.358629956500154279e-01
1.735876813949109643e+00
-5.760797389889422693e-01
4.346728426214202523e-01
-5.232988309862739440e-01
7.163951064942661873e-01
5.196214984775321399e-01
-1.682055414173690533e+00
-9.108416535566277172e-02
-1.284920750702338577e-01
6.782831872282895080e-01
1.082783203501595182e+00
-4.764454663880933194e-01
1.728486250218491005e+00
9.533827928417143438e-01
3.029259228478080046e-01
-4.345602944383535893e-01
1.463217204674369665e+00
5.871293454473398843e-02
-3.766964224283745888e-01
7.343797173995672556e-02
-2.042309578072130982e+00
7.937995088102673957e-01
9.287511791749899492e-01
1.527681058181025620e+00
-1.558519360029122225e-01
-1.341576409706326301e+00
-1.004045764047672568e-01
7.258480070047225174e-01
-3.917959828812725975e-01
-1.224684020715148536e-01
-5.553671979839287509e-01
7.570676710235909601e-01
-2.722087181686211332e-01
8.402214562657097652e-01
1.789950659019421964e-01
-2.627176278164715661e+00
-3.401177726635419285e-01
-2.418690341912960173e-02
-1.698879183458252840e-01
-3.818958489263855061e-01
2.876935204864882190e-01
2.233386753706282368e-01
-2.524890228391084568e-01
-2.698073230066638795e-01
-7.056488668123699071e-02
-8.274516432548569833e-01
-4.421189418769259638e-01
-1.535023086404520010e+00
-7.699729014611420563e-01
1.513725472736383804e+00
