6.841539289012108505e-01
-3.413217755161329858e+00
2.530087662829233253e+00
4.939382480916929552e-01
-3.384802839295714127e-01
5.534312090121757954e-01
6.547950726886959671e-01
-4.517327170843140616e-01
-9.170033504482061337e-02
5.933550522164370289e-01
-7.292195968019411501e-01
1.743503775065795569e-01
-2.781579204617356638e+00
3.058063842470278848e-01
-7.381903426363289888e-01
-1.352944098048676214e-01
5.565226804182590303e-01
1.683521614234789743e-01
4.266704710457127625e-01
7.269110084596490662e-01
-1.115667382988802636e+00
-6.957923853934413483e-01
-5.591786158693927700e-01
-4.171831428942975872e-01
-2.035638846050898121e-02
-1.743776032434819767e-01
-1.091864484916092337e+00
-5.798356619903601711e-02
5.143314329419694797e-01
1.916424130549618798e+00
-7.675705444883520467e-01
1.299744563347281501e-01
-1.597009090736613679e+00
7.797642029266569352e-01
8.380899280157398934e-01
-8.966790749533857241e-01
-1.099750189354529173e+00
3.220904674604921913e-01
3.449321594209774910e-01
-4.848653069297723106e-02
2.540586441829261188e-01
-9.614891804796851238e-01
-3.122681778228494354e-01
1.667113541596827897e+00
1.168619336720595481e+00
-4.565953576256392976e-01
-1.493119413947641583e+00
1.783912316383422514e-01
-8.875957326748881160e-01
1.518451903895653876e+00
5.175135828725232479e-01
6.742626326707754636e-01
-7.984974320786426549e-01
-1.545961863421331461e+00
1.582025397635927311e+00
-2.154100748831304091e-01
-1.008282493213732200e+00
-9.441768737226456931e-01
-1.232639091659356173e-01
2.330148935640979913e-01
-4.655295080816072018e-01
-8.938011964274036325e-01
-1.629192982341229057e-01
-3.135371640145439009e-01
-5.171471459423776507e-02
6.294160662975329945e-01
-1.046630227935905877e+00
-7.485982338888693688e-01
4.548485747979256200e-01
-6.199201955117985552e-01
-3.533996852295614999e-02
-3.939161142916364211e-02
-2.028033251747256571e+00
5.429129011257074477e-01
-2.517811431321770321e-01
-7.007693863402570944e-01
-4.851259997537054058e-01
-2.264436405587169632e-02
5.484332334086706728e-01
1.142845711884160842e+00
-5.829278874939101129e-01
-3.116542201344971730e-01
5.167867933826896659e-02
-1.721098056295243595e+00
-2.773302514398202634e-01
5.831142317213913184e-01
-1.147473539997108799e-01
1.877262024820125497e+00
2.767433071261234945e-01
-4.171987033845915294e-01
-5.413678322370099050e-01
-2.223836245951606561e+00
-9.940766618706761704e-02
-5.498928308972987899e-01
2.046231413295884316e+00
4.528978615453933543e-01
-4.365514643348217261e-01
4.087528548929891814e-02
2.989044311809238019e-01
-7.209890969077061840e-01
-1.341207942993280500e-01
-1.539462958335771292e+00
-8.361137099203866940e-01
1.842322755967868986e-01
2.072468079076992820e-01
-9.326490309308611837e-02
-1.024831673667936816e+00
-3.767319026705137630e-01
3.059430904883318064e-02
3.708101758064868969e-01
1.151866510625926043e+00
-1.278685338944502980e-01
4.542929803797114419e-01
-3.011721975408785390e-01
2.378354091430044948e-01
-5.045496799371929075e-01
6.613731391392321801e-02
8.005339273466084427e-01
3.405669591504262295e-02
-6.713308830555606566e-01
6.448249838959257962e-02
-3.745815135138488849e-01
-1.873129986711728145e+00
-2.105486431961694493e-01
-4.491111870212771140e-01
9.289109058060691648e-01
-8.570706849588167753e-01
4.211089031000671001e-01
3.180047251156811194e-01
-2.264368996493413833e-01
8.179865096271445868e-01
3.397096551613658644e-01
-5.949349162264063740e-01
-8.563121197564775855e-01
6.882073696872205160e-01
-4.900138245077256816e-01
-4.366884835835725953e-01
1.130755485847047270e-01
-1.820268178475690224e-01
2.501278167783662632e-01
1.480720977994492427e-01
5.315421399841395722e-01
-8.787345513378408413e-01
1.485376451083844640e-01
9.321540358130062098e-02
-3.311459343233322250e-02
-2.270056163626989476e-01
3.023745330649515450e-01
6.630015154334756300e-01
6.796693072608733788e-01
-3.049682877922991198e-01
6.143237771070175768e-01
-7.384197513620878173e-01
2.216208133396863067e-02
6.360510595668840139e-01
-6.626661143770613549e-01
5.692902393282233131e-01
1.574604121483221153e+00
1.710607783013309291e+00
5.934197369643865461e-01
-1.360056031466542859e+00
-3.004966560475151871e-01
9.856739469794415509e-01
-3.942599726207056121e-01
-4.837307823254090033e-01
2.765229582202012315e-01
-6.078326195477496974e-01
3.904738390633948342e-01
4.120261548408921670e-01
-7.939003262119195270e-01
1.030401607478172110e+00
1.735690276044768332e+00
1.039474858011967123e-01
-2.458463072441746111e-01
-4.032148311772937865e-01
2.874725529973145566e-01
-3.608605417675989635e-01
-4.566935652214343944e-01
9.741890441537357503e-01
-1.067536194537403338e+00
1.234973309463879509e+00
4.480482764608803570e-02
-2.663615342561703736e-01
-7.151675172518965340e-01
5.536539221383147691e-01
-9.696319294080657514e-03
-3.783760853875036689e-01
-2.221324594465388103e-01
9.960227608845528824e-01
5.776970008975185894e-02
4.777942928297890801e-01
-4.722592260077281834e-01
6.218076609730522897e-01
7.368558664279781234e-02
2.618300424116151159e-01
-4.986067603221402793e-03
2.740654176732658653e-01
4.697032646096497288e-01
-4.480799455008378507e-01
-4.073594497003312220e-01
1.564327940730635413e-01
-8.435135081794166156e-01
-1.002315987039685691e-01
2.577577199046794387e-01
-7.777000475602959817e-01
1.235623526062149091e+00
-8.452472176854796126e-01
1.721103935357104486e-02
5.780080182293259039e-01
1.014833806715367825e-02
-5.873694247614893449e-01
2.956223864083183939e-01
8.088778969179937217e-01
-1.325676383815445059e-01
3.810731951944856810e-01
-5.320037403824937616e-01
-2.486324423470299694e-01
7.228701574176046307e-01
5.604125321927343473e-01
6.269261088297943540e-02
-3.494136193370364074e-01
9.053872947859089582e-01
5.471436925934092949e-02
5.063328164317528746e-01
-1.603046739078375083e-01
-2.217222663926052273e-01
-4.220944849393989395e-01
-1.552228239033778490e+00
1.911832075748919113e+00
2.249710154339780999e-01
8.088917215889013246e-01
5.902952756621635544e-01
-1.576874069276917867e-01
5.573431856059385403e-01
9.712742703341241679e-01
-4.772141434800973858e-01
2.913194735386334111e-01
-1.213342415157107196e-01
-1.193543741310774564e+00
-3.553210463624441040e-01
1.140774458267822533e-01
-5.679544166316508047e-01
5.717646302822592119e-01
-3.500949736007062663e-02
-1.078654833856569906e-01
3.309649876244128430e-01
-6.763193982026562967e-01
2.255995166584610634e-01
5.320318862432766860e-01
9.928425506047016125e-01
2.572189419979709069e-01
-3.055364564537740524e+00
1.503278891134366635e+00
1.468196311072670124e+00
6.592278391767921741e-01
6.549878716572792303e-01
-9.137539802052083715e-01
2.993993402783626800e-01
1.628459392777080517e+00
4.142887827297548897e-01
-1.803700639756964930e-01
-3.802650732840233139e-01
1.790405795452583715e-01
-2.144533671156526045e-01
-1.341178026078437613e+00
