5.029521421575641749e-02
8.350853129389073093e-01
1.003059606568683024e-02
2.225128548692028863e-01
-6.817921042344474714e-01
-5.123006948585729914e-01
-6.760949556615376832e-02
1.833825065520451103e+00
3.933308621200680699e-01
3.541187576203562171e-01
-7.647031867737994482e-01
-8.601670796972180066e-02
-3.221136460084862985e-01
8.357087091743210794e-02
4.317736850019311956e-01
9.020738494332082580e-02
1.118409668886992225e+00
7.101783770607776880e-01
-4.023674628725810720e-01
8.235713865899604857e-02
-2.104339560550383681e-01
-1.909761054578394068e+00
-7.217634591642255702e-04
1.357847636104593469e+00
4.219230819305859193e-01
-2.535235647437734108e-01
-6.671824294475735273e-02
-8.140410533456146625e-02
-1.283228250733715603e+00
-5.408600601676050168e-01
-1.814766821033736877e+00
-1.137480976415769174e+00
4.928705622632664207e-01
-2.783806441060576176e-01
4.443774675293151177e-01
1.677634714028861385e-01
2.183864963648472379e+00
1.195445374723447390e-01
-1.498709634842574079e-01
-5.640318909136955439e-01
-4.531268385631170847e-01
7.816614664644403465e-01
-4.879566685903944517e-02
-3.732935010433682255e-01
8.344339218588210372e-01
-8.995550649197917581e-01
-2.680787065552818482e-02
-1.354116286747854003e+00
-9.253500991219501537e-02
-1.166830085465605793e-01
4.319146497554895436e-01
3.062910238955999231e-01
-1.852712842376488034e+00
2.813587515712167447e-02
-6.869934016717251790e-01
1.504509656471857415e-01
3.154589457363037308e-01
-1.856145131185764408e+00
-4.329135401840555342e-01
-1.100559259926047612e-01
-8.553048027002477793e-01
-1.734342090321152607e-01
-2.761441716256192724e-01
7.841265422946536168e-01
-4.890530560780809166e-02
-2.154567722687885656e+00
-7.483705423485162433e-02
-1.652864236168906931e-01
-5.121056371217245218e-01
-2.595332013742854826e+00
2.726335976586226617e-01
-6.487740829297552470e-01
4.608285568145117361e-01
-4.817421240416709383e-01
-5.336519361548803797e-01
1.069151368777485622e+00
7.551933942206388028e-01
-7.434008090973553973e-01
1.732481615247365714e-01
-5.597630495047767329e-01
-5.770924104174417479e-01
2.334707954083083473e-02
3.918485651280926296e-01
-1.274213575022960621e+00
2.507690176144411476e-01
4.037810272088401264e-01
-3.618728917882758078e-01
-1.425806319874947325e+00
-2.436257926169403398e-01
-5.102724322534961665e-01
-3.773656174990118739e-01
3.057223333524355783e-04
1.022074866055120879e+00
2.912512976796566844e-01
-1.361890016311521290e+00
3.679093941337810980e-01
3.479415540625611092e-01
-3.903379086140113530e-01
-1.929335180828625207e-01
1.014546444552441695e+00
3.733394072412800635e-01
6.980285794507447295e-02
9.179110853231432499e-01
1.718111599011349910e-01
-6.785101974045746331e-01
-7.725441213894396197e-01
-4.337381529880565134e-01
6.511383172753362758e-02
-2.759636562820861130e-02
-1.298567420144781881e+00
-4.554479316381784826e-01
-1.292199973066876062e+00
3.169529596672813754e-01
-1.061980795633179486e+00
8.297119503224761328e-01
2.555511791468033714e-02
9.882959823713274305e-01
3.323493447248565547e-02
-3.454281388519540030e-01
3.110717586835130555e-01
1.903083142606021572e-01
1.810451169365010771e-01
-2.561890140612022582e-01
4.128897542288272327e-01
-1.633749306981506111e+00
7.545775652402321176e-01
4.633526099712875768e-01
2.787048863241007868e-01
-9.047059934423739430e-03
-7.220252877804106406e-01
3.054086337505825810e-01
2.680277005412564084e-01
1.276709966955568376e+00
5.397384319999112279e-01
6.594940671083959760e-02
6.602022314875575226e-01
1.107346416749252632e-01
2.771720355835760596e-01
-9.578379754955338443e-01
-1.328107390438566515e+00
-3.328830577566317395e-01
1.549447961417521391e+00
4.953586926278662483e-01
9.110555413476020270e-01
4.353134249200645289e-01
1.026545201109653638e+00
-8.593160886292483536e-01
-4.872788270445982395e-02
5.490721681686443478e-01
-9.930476327021591221e-01
1.049384184512076601e+00
6.298987881175650561e-01
6.925994047373731366e-01
2.003460599689030897e-01
8.910913925632510946e-01
1.251307761463964496e+00
-2.908101009314810748e-01
-1.568381957226394841e+00
1.386391686908650944e-01
3.952020339004728711e-01
1.189551594447485261e+00
-1.306312243158702646e+00
-1.810455254015794102e+00
5.727522210535104241e-01
4.108879572949746678e-02
8.252152477530638741e-01
1.572692774044774922e+00
3.421361759587973062e-01
-6.989659689383022068e-01
4.502328891879168182e-01
-1.218896217411719496e+00
-9.565129250673423678e-02
4.108008967060770011e-01
3.836447927856032614e-01
1.624324341819904649e-01
9.633759630832644527e-01
-2.649311781449085190e-01
2.898777517893981193e-01
-2.272543154503395002e-01
-3.261350042469962629e-01
-1.108559633777460307e-01
-2.467040226446696738e-01
6.157237382126939246e-02
2.206765808779428129e-01
-4.308501661015985418e-01
-1.084679193853469448e+00
-1.079052062561329128e+00
-2.718159878105625427e-01
1.352051796350138557e-01
-1.946536228467313778e-01
7.731790082081881899e-01
6.345548716626704493e-03
3.968431519597194757e-01
5.264670341757490268e-01
7.079571182733206403e-01
-3.910932444446463263e-01
-8.015322290033723984e-01
9.894315134331777006e-01
-2.483350034463262634e+00
-2.130643824042608922e-02
-5.773987606337647183e-01
-1.108822419153965955e+00
1.878317932006099422e+00
1.002983425410521739e-01
-1.110926298395993328e+00
1.164225887653608904e+00
-9.150959258854107770e-02
-1.614930314361929797e-01
-6.513098564956647518e-01
1.699009380833917060e+00
-7.841747561846232895e-01
-6.587457649938394111e-01
1.959637122155749811e+00
1.414316344029915795e+00
5.603365175075469828e-01
1.063719807235342513e-01
-3.864530395541322383e-01
-1.034972997841920594e-01
-6.711258763195162569e-01
-2.283982878974621100e-01
8.306361581906165359e-01
-1.069430016755885005e+00
6.343690145349059062e-01
7.295710494076457220e-01
-1.397357215028030911e-02
-1.016309991846302552e+00
4.715860078504753305e-01
-1.450515319603637554e+00
-5.774204990152165262e-01
-9.295454567271570490e-01
1.215041742873794073e+00
5.283296554899923336e-01
-6.808389945903112542e-03
4.321663566512912169e-02
2.042734176946749691e-01
3.774588757906919279e-01
5.861040884793102812e-01
7.680542651542411337e-01
-4.418977742921895713e-01
1.243055361421793625e+00
-4.665945403461421170e-01
-1.142267574862119994e-01
-4.014304950910224656e-01
-3.554439262450251324e-01
1.310849681102449704e+00
-2.728636700984755081e-01
-3.103157561443709578e-01
-2.578727916206271509e-01
1.126666658673070698e+00
6.717406582443041785e-01
1.708104625294645906e+00
4.686843680377328347e-01
1.611233339709603474e-01
3.249132529052500828e-01
-1.443706345888328135e-01
-6.480277168606847216e-01
1.235933236476193520e-01
1.092709872246426572e+00
1.598361125024212903e+00
1.339256560234132420e+00
-4.685829138464249199e-01
-7.450297943655063149e-01
-1.150582354975326765e-01
3.229096280649526585e-01
-1.390031058912274631e+00
