1.812024853435997063e+00
1.566681703169321427e+00
-5.357801696816928000e-02
2.498103502229019057e-01
3.052389930683660157e+00
-6.120472326182345713e-01
-6.530467522208641129e-02
-7.094775613074725262e-01
-3.357940449477658795e-01
7.761870708314704270e-01
3.686190800686798275e-01
5.447265024110002907e-01
3.242893135277275629e+00
1.686945136445605342e-01
2.671024658137440833e-01
-2.022251007002044076e+00
2.238827942658856984e-01
2.966755396283656254e-01
-1.396198588910773530e+00
-8.917297970743773283e-02
5.390701965041705748e-03
-4.209675474664882344e-01
4.555289792508427915e+00
-2.142919137328320178e-01
-6.945609394848581974e-01
3.027455140091451016e-02
-1.415115624122423865e+00
-1.422934476397990755e+00
3.561770782908623700e-01
5.829264681652871483e-01
-1.773258174039131774e-01
6.335189059429441327e-01
-9.180535324615343162e-01
6.213450465800791633e-01
1.984400233663108915e-01
-7.799456368041559617e-01
-4.290019156827622471e-01
8.400537834812247251e-01
-2.442440374297290967e-02
2.687220321643146725e-01
2.415798003192276777e+00
-6.427810347032529847e-01
-3.200497416393973893e+00
1.923041267820396472e-01
-2.029391032873615885e-01
1.139377219792601231e-01
-7.352860338416267183e-01
-1.157418587781263941e+00
-6.661000903844473964e-01
-1.051132085180531917e+00
-8.846482315988598577e-01
1.952404389258390049e-01
4.581364873575238805e-01
2.367770015888503998e-01
8.846713917568277408e-01
-5.949870871929316962e-01
6.037942951137174052e-01
-1.779015829737842780e-01
-2.306982254194197418e-02
-1.061663685353309017e+00
-8.111676359822674875e-01
1.333807027644640097e-01
1.692946285442190835e+00
-3.903323194875732982e-01
1.251473269672496169e-01
-9.451960194061308496e-01
4.240847290333566444e-01
-2.920119572524197404e-01
7.779126057444978037e-02
5.586091375329420572e-01
2.747541596872756786e-01
2.494538697696650154e+00
-2.794371288468205705e+00
-4.638217292387268875e-01
-7.554707203194162002e-01
1.027801303891032747e-01
7.528361648106582371e-02
-8.834230570150498618e-01
9.336748935272343175e-02
-1.357564439060706230e+00
-1.691797901847034602e+00
-4.827965330046700698e-01
-2.508765471547895198e-01
2.472447434528117771e+00
-1.035942933565564328e+00
6.374735319831807967e-01
-1.552512567019749934e+00
1.549544948413882350e-01
-1.884799338137139957e+00
-1.044241611648611512e+00
3.607486580071045945e-01
1.970335878376708316e-01
-3.879407497026652885e-01
4.661222881569880294e-01
1.016431027799202358e+00
-6.354875957178659496e-01
-3.718334713040487988e-02
-7.079278311822452263e-01
-1.424658652964242211e+00
3.833047751928017055e-01
-1.413126998299444326e+00
-9.804761673814824663e-01
-1.965454243758910202e+00
-8.800125823747079190e-01
-2.383261946716654922e+00
4.765416110221573076e-01
7.939750210439759925e-01
-1.777793195299869761e-02
-1.564609945355387444e-01
-1.935231117290791669e+00
1.342901367215625807e+00
-2.630412522297118083e-02
5.426458503262691080e-01
4.953214661726698109e-01
1.049899624485104432e+00
-1.860403057051058129e+00
-8.167626958786404767e-01
-4.301098972697204870e-01
-1.454567792588561947e-01
-1.111983880688320658e+00
-3.331391958175252133e-01
7.240096786607075341e-01
-1.208106806561551061e-01
8.303008504029865122e-01
-2.813613387489971362e+00
5.877856266909294858e-01
-1.161411349258058279e-01
1.266913007784069012e-01
-1.038064225379270678e+00
-1.251400774325439613e+00
-9.614121669582005314e-01
-3.815767027972445380e-01
-3.643933432613084000e-01
-3.367294435072371028e-01
3.281329920394130406e-01
-5.026003225821241704e-01
-1.179071200361856642e+00
5.489114360395223047e-01
-3.673765694906270252e-01
-3.388363666849558253e+00
2.048013197000124741e-01
-6.792855350007362958e-01
-5.482031668584740336e-01
-3.359569017849345363e-02
-8.079224294856134081e-02
-2.279240005206182307e-01
-2.337279887143522972e-02
4.815283629715084168e-01
9.268453538310519324e-01
7.441841372925450671e-02
1.273096496501005648e+00
-1.358201285788264823e+00
2.074579241662171947e-01
8.803753932016894490e-01
7.978004235533906474e-01
2.412290667910833852e-01
-3.145349842882671498e-01
-1.676363841550330580e+00
-2.579987763276491708e-01
6.376011569124551137e-01
4.970585436670672541e-01
-5.464110194207282278e-01
-2.015792208072656466e-01
-1.226774946487359186e+00
-1.273877111353074021e+00
1.979010323111089209e-01
1.262624345524639979e+00
-1.130919909761588960e+00
9.654670913517500175e-01
-1.902191547884692427e-02
-1.518104982004626624e-01
1.644665083988900101e+00
4.141121549073110142e-01
-7.222984849690132769e-01
3.908247707090948264e-01
-1.904428966876716478e+00
-5.826926849695165389e-01
1.082517838571823487e+00
3.529681895815758308e-01
-4.846095614719948472e-03
-1.269543944476525299e+00
-4.829579418105698352e+00
-9.400292775176090077e-01
5.916836686882485097e-01
6.789039932652106701e-01
-1.887891613081428721e+00
2.880594980349321377e-01
-7.842401642278705731e-01
5.314014092235695985e-01
-3.254939599256325700e+00
8.559008388489248720e-01
-1.200925696381366148e+00
-2.623903228347688188e-01
-4.408228202243777427e-02
1.340240538545399707e-01
-1.793153543432454700e-01
-6.997403388972771587e-01
4.200638493419571740e-01
-1.747681767505509520e-01
-4.357761557386180540e-01
-1.295885332459811023e-01
2.629919008126968105e+00
1.038973299410514306e+00
-1.570539245353470281e-01
-6.370766563817251704e-01
-4.788582681770325311e-01
-1.012477981049715536e+00
-1.615879918882205390e-01
-2.560224011801765509e-01
4.968574515930506696e-01
-1.475351763318018872e+00
3.463578954261279930e-01
1.002721550413948837e+00
1.092086980489795245e+00
1.357860666686914630e+00
-3.116322358911415291e-01
-9.503628215130406620e-02
-7.653052154608906699e-02
2.904214189727312156e-01
6.245436404619314485e-01
-2.392216490076870095e+00
2.966306477250889584e-01
-5.916056920649277462e-01
-3.729270478848699388e-02
4.289398308466298104e+00
-3.386686670281219946e+00
2.448259286878015917e-01
-4.376811371741446410e-01
-2.474276668062379558e-01
3.519541538917258627e+00
-1.142245390379843295e+00
-1.592819092812054402e-02
1.710715092332433018e+00
-6.233814238652111150e-01
-3.688213524742642857e-01
-3.358462957489052769e+00
-1.058753613757797085e+00
3.892645527137265637e-01
4.573009302181282321e-01
-5.879968376412540720e-02
-6.271080836136569969e-01
-2.182567078685420991e+00
5.380826266058271745e-01
3.569831842531718258e-01
-1.240241198697887404e+00
-2.876526174083037790e-01
-1.059622274650401152e+00
8.592976688535991503e-01
2.248732482027707702e-01
9.832220636155548921e-02
-3.873904752694914411e-01
1.415274951550429927e+00
1.595309306180729969e+00
-2.075129068907442864e+00
5.961706934459699347e+00
-6.837812078613070277e-01
-2.765781308446414677e+00
8.221336830948439145e-01
-1.883516105818626940e+00
-5.021827941128864659e-01
6.291944617355309244e-02
5.802728599612800853e-01
-1.216374618046170697e-01
1.357130295741982851e+00
-1.240599811621553583e-01
