5.111072605111574019e-01
7.623315254126591389e-01
2.138368103314020607e-01
2.698776947069356780e-01
-1.211892120431404263e-02
9.606828738206096840e-02
3.973262331307911982e-02
-7.487068659579933227e-02
3.247369106403784622e-01
1.000000000000000000e+00
-7.322209626907659752e-01
1.000000000000000000e+00
-7.330187341937202672e-02
-7.763971260015500170e-03
1.539953990992609933e-01
-1.192814459699712004e-02
5.963254663592849614e-01
-2.935544799032417940e-01
-3.251157121871706135e-02
-7.860422582635050448e-01
-8.632833212081278962e-01
-8.141708222667494166e-01
4.491847315649859507e-01
-4.463974250001787047e-01
-4.223494473358978540e-01
4.507088765399696988e-03
2.212406811047507027e-01
1.264672913665089091e-02
-8.647607462145451285e-01
3.297083750761807819e-01
-6.439652281486863972e-01
-1.059389748266874043e-01
-6.321251802374285855e-01
-1.608782587239321327e-01
8.589012011111912814e-01
4.008608979019608887e-01
4.656931424994598112e-01
7.658528281355523326e-01
-2.708688096571806314e-01
4.128849910920180388e-01
2.156023050123869744e-01
7.767808256152263224e-01
-1.476491345327738958e-01
-2.145581305062673749e-01
-7.229909420970489498e-01
5.256119603785860961e-02
-9.884467497792328583e-01
-8.422682503136282861e-01
-6.855283339107276497e-01
1.000000000000000000e+00
-5.555747566201000437e-02
-1.000000000000000000e+00
3.306958810946192262e-01
3.168737398735095856e-01
5.851870038961078102e-02
-2.961670721935907857e-02
7.223824968911196631e-02
7.013585238153648982e-01
3.795991289731794893e-01
9.448163152906261519e-01
-3.844257977977562080e-01
9.332672369528780543e-01
-4.902925723198221508e-01
-4.651455732502793872e-01
6.251126149062645465e-02
-5.439028081895460609e-01
6.683958730933836634e-01
-9.649552679619401996e-01
2.370804940172296926e-02
1.805692795920939564e-01
1.971690222463913233e-01
1.824329839470559267e-01
3.679102438650038720e-01
1.000000000000000000e+00
7.881420741918065964e-01
9.840438467664791578e-02
-1.000000000000000000e+00
-3.341669483748649361e-01
5.489789954591809407e-01
-1.000000000000000000e+00
3.216518485931032512e-01
-6.954862008140479113e-02
-6.570277523888905513e-01
-2.627030876101525414e-01
3.232263001222061560e-01
-1.000000000000000000e+00
1.000000000000000000e+00
6.829914548235035410e-01
9.311062453004442796e-02
4.876843041627632047e-01
-1.307012811721174061e-01
3.259338334573894658e-01
3.784114330026807638e-01
-7.097329982841735774e-01
7.237328389884181146e-01
-4.384886764443154950e-01
7.892579610821173208e-01
-7.737675991656334240e-01
2.423157553728639835e-01
-5.422619450341044089e-01
-1.866500409973156083e-01
1.287902495657922974e-01
8.009195616620262692e-02
1.000000000000000000e+00
-8.051588885217784153e-01
-6.394159168397184345e-02
3.261338567284138845e-01
-1.578305148000649638e-01
3.094473378420665721e-01
1.722913128859791532e-01
1.250272567044582173e-01
3.040652237712962447e-01
-6.440007988946178097e-02
5.258421208453682993e-01
-4.994209881426217024e-01
-8.439249975895988243e-01
8.180598188756788014e-02
2.109109437965557832e-01
6.948709627183524695e-01
-9.053750238290552144e-01
-4.065539138893655702e-01
6.126673372256417061e-01
8.503169529712337749e-01
1.758268290480447527e-01
-5.755595005597144986e-01
5.519996815182026673e-01
3.940698991957028996e-01
-5.306732275476695460e-01
-4.579302063500544362e-01
2.187432371991369640e-01
-7.107378164092076345e-02
3.753079511146707459e-01
9.683331194745177506e-02
-1.000000000000000000e+00
5.612136656778936583e-01
9.855695422335442046e-01
8.909269169397207033e-01
7.906258585385135540e-02
6.050583185983493539e-01
-6.730251114583336580e-01
-1.000000000000000000e+00
3.354257228785291756e-01
-1.582918795878907325e-01
-6.746035970585777530e-01
8.975827516115448823e-01
5.364855701917730091e-01
6.256037027188617872e-01
-5.949118613795825183e-01
-4.819354687982188024e-01
7.256927893495281889e-01
-7.136714668447827759e-01
-3.921460557818775561e-01
1.639925767639313636e-01
-6.102489785418490076e-01
1.268785834703491100e-01
-1.581041619294515643e-01
5.466434276871570130e-01
6.296210536673635394e-01
-3.113158723847644915e-01
-3.488044194656887004e-02
6.859793662574289151e-03
3.026947664088939782e-01
2.231773933282223399e-01
-2.070223117140181646e-01
5.937705142385160118e-01
-6.876504275435860736e-01
7.503122426469415185e-01
6.356403703076802802e-01
3.249427910293117283e-01
4.398669490865645404e-01
1.897203589848086291e-01
8.235520071317363744e-01
-7.983885328267377179e-01
-9.739377635654169474e-01
-2.730918486256701527e-01
5.646164962951183419e-01
-7.180903399954660093e-01
-6.273721219648481506e-01
-6.215756351078152164e-01
-1.000000000000000000e+00
2.926353383773069305e-01
-9.307958112021974539e-02
1.000000000000000000e+00
1.960220157944688735e-01
3.717383267339039454e-01
2.784689224398516627e-01
-4.852927647078794648e-01
-9.865622455280906866e-01
5.421775467794507364e-01
-1.000000000000000000e+00
-1.255897524041408309e-01
-7.590196661937780309e-01
-5.457904765984074036e-01
5.991367075286417876e-01
6.081403679719417088e-01
4.914422624055782007e-01
-4.061305037840377552e-01
-1.151580266136266462e-01
-3.219356013841897513e-01
-1.880786529799878259e-01
3.021478701418364027e-02
-3.065005319997418098e-01
7.316278308598048730e-01
-7.420367364190183501e-01
5.333881078111131213e-01
2.075459865738671639e-01
6.404798318998748963e-01
3.090123486136753250e-01
-1.796694518840067922e-01
-5.981628306245262428e-01
-1.988929954535886835e-01
-8.221590329091050808e-01
5.578324890265158320e-01
9.745652148686587690e-01
5.993772698264178134e-01
-7.514897901330278573e-01
-1.013645002327487610e-01
8.925664218287946428e-01
-5.515550388918852853e-01
-1.000000000000000000e+00
-3.854030142877189896e-02
4.590171235703128794e-01
5.833463823572786477e-01
9.803433957269116483e-01
7.881413160793973027e-01
-1.318636478257546318e-01
3.210431206677466509e-02
-2.365022203770761333e-01
5.805872289213589443e-01
1.000000000000000000e+00
-8.439132400139398582e-01
-5.456601529433428022e-01
-8.943969179317656781e-01
-7.434323957215782652e-01
1.000000000000000000e+00
-6.426179854911906464e-01
-6.183813384944678027e-02
2.962056464932646960e-02
-1.000000000000000000e+00
-8.976240035387830773e-02
-7.818075119110372562e-01
5.271318768916863906e-01
1.000000000000000000e+00
-2.525873512457343928e-01
8.814094673761756482e-01
-4.733070094726405941e-01
2.049836104641433177e-01
-5.085450134476277029e-02
6.521580478969677408e-01
-7.697309301043959995e-02
6.592415392871652235e-01
-6.227608605684883392e-01
-3.794367580100538317e-01
-8.718815598347605667e-01
-3.498227373568371101e-01
-1.000000000000000000e+00
6.821946976686719122e-01
-5.709525574539620757e-02
-5.187028841945773294e-01
6.827910802205312546e-01
-2.893008461055079916e-01
-4.720620006881751651e-01
1.340394759547607617e-01
5.728682412472986263e-01
8.742009463176912964e-01
