-1.557032074425267476e-01
-1.315957806877531000e-01
-8.619389317474163148e-01
-4.667116227697383768e-01
6.570719805566150873e-01
8.717615745430602470e-01
-4.872237732921660402e-01
-1.479064534598401315e-01
9.494999052135529027e-02
-4.738512164164231932e-01
-3.060948587148714511e-02
-1.072494571606973507e-01
-4.656353668523948164e-01
-1.137694901034400408e+00
1.923189003212293635e-01
8.756492898574033124e-01
-1.553366608818312677e+00
1.727220336237444975e+00
-7.439194189426687753e-01
-9.497133752556460862e-02
1.085405830673672467e-01
-2.802657254206782911e-01
6.351807938810529741e-01
5.863162536928687718e-01
-4.557244266174337866e-01
4.101614438511273497e-01
-1.296225124600839385e-01
4.288093000843802571e-02
2.002737709284174716e-01
2.801857524120268117e-01
-1.424894335391047928e+00
-4.726004972391786851e-01
9.852142708759220602e-02
-4.776530509811287573e-01
-2.527240842844847291e-01
5.766088386217534945e-01
-3.189066612968179948e-01
-9.678558076218981565e-01
-5.015605365500036550e-02
-2.953211854163669270e-01
1.585624077452420511e-01
-3.194696708708048005e-01
9.558285033491370486e-02
1.492396986598245878e-01
-1.140251270650504134e+00
-2.179449552599098117e-01
-9.151932051142642743e-01
-3.348154451592701975e-01
-2.668928554142787068e-01
-3.125347720062373602e-01
-1.479938087913379441e-01
-3.953135294945567813e-01
4.053458789159996023e-01
7.932644359534557488e-01
-6.226198999640939480e-01
-6.080688401254502606e-02
-2.422582465326035273e-01
-1.442632167800537435e-01
-1.038348457236978328e-01
-4.795986518176392210e-01
1.457678749877535096e-01
2.206726613573800067e-01
-3.211101479345334075e-01
1.928056874414691979e-01
5.217424975237208162e-01
-1.478097781224077645e+00
7.026645100251973641e-01
-5.930647877003035473e-02
-1.147980393356986123e-01
9.158019589976671565e-03
1.914931406892123322e-01
-5.543502046763931768e-02
1.132252362040624405e+00
-2.105051981765727609e-01
-6.470700904320476621e-01
-6.708780725338994166e-01
-3.309817341477625519e-01
3.570634860638844943e-01
-2.607231305213902339e-01
-4.630417713388567114e-01
1.234563748860340926e+00
-1.536607392251582827e+00
-2.405648709779163730e-02
1.125273216898165174e+00
-1.152955719729019002e+00
7.936223870177196993e-01
-6.812972944331424641e-01
2.912598861735664346e-02
1.335843027348855072e+00
-1.107006496966415066e+00
-1.528636127526789186e-02
2.503178473631592627e-01
-9.382487979043221404e-01
-9.757828920155944274e-01
-5.004115853579483089e-03
6.568179842068129215e-01
-1.443729959855541978e+00
-6.443728084108547582e-01
-5.594782326844276454e-01
7.414899383267461140e-03
-6.202646835094276501e-01
3.256702434705355254e-01
-1.358759807682080878e-01
6.446687421771010174e-01
4.375353199434359741e-01
3.538751669617776208e-01
-8.412941097032844429e-01
2.508091396252128957e-01
-8.150948644170388224e-01
-7.504099601326254254e-02
5.763020443688047223e-01
-9.901842589994900301e-01
-2.777906454992267737e-01
1.200417965639435591e+00
-6.225640547322627283e-01
-4.504878766927685740e-01
-5.808854249784916046e-01
6.795527442949660379e-01
-3.270813554235861842e-01
1.147221709165733738e+00
-6.933618010783115793e-01
8.521290444438542888e-01
1.267678743237331540e-01
-8.705443357625891609e-01
-2.979629923664797175e-01
-7.226799455831292573e-02
-3.829818794666500770e-01
4.029479924576800931e-01
-8.899165396966258745e-01
1.156817746354881077e-01
2.293390375274891202e+00
-8.200121556990830340e-01
2.197605242253744817e-01
-5.156368690632403551e-01
1.479534381357075212e-01
1.061602885801531393e+00
7.295546953622010777e-01
7.081849093806910633e-02
7.603877266088412412e-01
7.313379942125149656e-03
1.344382063982453079e+00
1.628534444355693278e+00
7.059372838363268954e-02
1.632321130183679858e-01
2.229165021702610439e-01
-7.772237846234879566e-01
-1.199516838368205107e+00
1.670731082859462813e+00
1.506343868814963738e+00
9.124008993509642451e-01
7.207779879737222783e-01
7.622474059007504632e-01
5.440177038898322825e-01
2.536391104716255729e-01
-4.717825938299617938e-01
-4.584394779339000525e-01
1.067668751401551930e+00
1.075642049701127867e+00
5.050765056683593768e-01
-3.406375809316327663e-01
-3.816111560101650424e-01
1.044948739342284494e+00
7.835632708489008724e-01
1.948093152258852379e-01
7.184105931150974733e-02
5.466435354114854706e-01
-1.127529116799398823e+00
5.560149975894260743e-01
2.135112993048629559e-01
-1.222331646719241605e-01
-8.181922833665400407e-02
1.110782338732530405e+00
-2.901182716055772381e-01
-9.669368784480998347e-01
1.157256050637764933e+00
1.323782140045413613e-01
3.002485838158370779e-01
-5.941255875948845411e-01
3.907653894111983717e-01
-1.318014827953493562e+00
9.244869865324184532e-01
1.810569036607616034e-01
-4.900232064731860904e-01
3.043753316729417291e-01
5.879637438086636747e-01
-9.280984690088678324e-01
-2.897169966252032269e-01
5.410800523563064068e-01
1.228387751564872232e+00
-5.361874084002014040e-01
2.650850166661334883e-01
-1.081572354040381129e-01
-7.317184923837674049e-01
1.003717602349818216e+00
-6.858657205245549671e-02
9.389698288858052688e-01
-2.386512129048802278e-01
1.179700654121632331e-01
-3.564558298187717744e-01
1.124253207056998161e+00
-8.217998910889398601e-02
-3.858005642320618822e-01
-7.668905746356078357e-01
6.124995351359940887e-02
-2.878348284310867228e-02
1.230947522933666827e+00
1.584578631790186098e-01
-1.549137833004201159e+00
4.389951807274745654e-01
1.756025247741224704e-01
1.304828570074197724e+00
-4.291839749102835944e-01
4.400258596125724564e-01
-1.222906803649563279e-01
1.686878166996923056e+00
-3.110456325310207437e-01
5.097964979869322732e-01
1.896764606968981415e+00
8.259777574769558983e-01
1.430430507043712052e-01
4.239170911881736670e-01
4.653967080601216499e-02
-2.767859322264595856e-01
9.078874270031999094e-01
7.583504676525838484e-01
-1.062917279487030631e-01
-1.740927232631360733e-01
3.850369624032131677e-01
-4.756127881435432414e-01
-3.535193005394194898e-01
-3.205154716762620426e-01
-1.890389905816371174e-02
3.900524228155568401e-02
5.090651075644263557e-01
6.398795091198243856e-01
-9.848256470063661006e-01
3.490444814458292244e-01
6.530070410061701580e-02
-3.116999026328666211e-01
-8.374296730827976987e-01
-1.018855774132368053e+00
-5.365548629783073453e-01
-2.464711191086934872e-01
6.198308573107276231e-01
1.740698300934159226e-01
4.513887091788624240e-01
4.836271630310376990e-01
-4.002893975845336350e-01
3.515622127838818889e-01
-2.448851470937688304e-03
-1.919713632616629473e-01
1.017107793098210866e+00
2.971784507070811265e-02
-1.366513779949672713e+00
-1.075662184445093927e-01
-6.746306489752910973e-02
-8.077837324551698783e-01
1.233421488580287662e+00
3.151274018501576957e-01
5.592734373709896678e-01
-2.276260723326616553e+00
1.164728012163270543e-01
-7.362700298167421664e-01
-8.868739169343941020e-01
-1.209309439525297236e+00
