-1.000000000000000000e+00
5.258611635383471095e-01
8.934744711914149873e-02
9.352665189216023967e-01
9.605386829342430488e-01
-3.740391520630628186e-01
1.947018232756547451e-01
-4.257119483844607789e-03
-7.415589998391118876e-01
7.747771485359880028e-01
-6.439741112867900519e-01
1.652496816287877257e-01
-6.921461834356798515e-02
-3.856471144374765125e-02
-4.334536667994832726e-01
7.661443595773990145e-01
2.795370978248927774e-01
6.101577373161712892e-01
3.486791876533322232e-01
-8.817835677601779665e-01
6.491484641385851795e-01
6.081456891375591756e-01
-3.885690327171738012e-01
2.816162206986023986e-02
7.713735727549743404e-02
-2.482996870203313389e-03
-7.181498481978507153e-02
-1.000000000000000000e+00
6.091512201962243633e-01
7.311977518205372562e-01
1.000000000000000000e+00
-4.483103826885329601e-01
3.965459540797575677e-01
3.623344731561409238e-01
9.356484562855167386e-01
4.561389755215995434e-01
1.000000000000000000e+00
-6.092366538891856587e-02
-5.137083361137552151e-01
-3.499843873623238455e-01
4.590185678212399534e-01
5.690170251847013194e-01
-1.946485049929568556e-01
-6.105395347880336887e-01
1.879853074201212337e-01
1.000000000000000000e+00
1.182817654046240952e-01
-2.952879773158147980e-01
-4.592094263283779121e-01
-6.906742280504325482e-01
1.000000000000000000e+00
3.590245662594245268e-01
5.037507029252903390e-01
1.000000000000000000e+00
6.442883686505870289e-01
6.896020839791655588e-01
-3.056196591359235104e-02
-1.000000000000000000e+00
-3.096598043816640722e-01
9.644953875567950918e-01
2.268151196876302123e-01
-6.809223936007191558e-01
-1.000000000000000000e+00
2.891915591118084938e-01
-3.962383597033927174e-01
-6.144240509763219116e-01
1.780615875301814754e-01
-9.431626792107962176e-01
5.101555959911255878e-01
9.298386908530535955e-01
3.175281040794352694e-01
-2.645685053037478696e-01
1.059318546149892876e-01
-2.995888977528751163e-01
-1.000000000000000000e+00
-2.502116353667636073e-01
-8.245743192469076055e-01
-1.877464824176144076e-01
-5.003432928241453581e-01
1.198461503487239233e-01
-3.658357691173159676e-01
6.857591302674891365e-01
5.225273092831114186e-01
-3.366688094394464925e-01
-1.313727507965284924e-01
-9.900326801373994512e-02
5.210826992583215134e-01
1.197277910155167963e-01
2.242906518651943681e-02
5.049763829355968792e-01
7.287971164299886784e-01
8.048169277317905879e-01
-7.062171674924002662e-01
-4.825222903099654070e-01
1.000000000000000000e+00
4.794353031778553209e-02
-2.948733697888284988e-01
4.284701932839322658e-01
3.163088440142080571e-01
-1.049434203101144852e-01
1.995707861796325866e-01
-6.808374025775060234e-01
8.811204523514906128e-01
5.202042508207382898e-01
5.869428367632743004e-01
-7.623162560341002481e-01
3.205369763039448427e-01
-5.309337490982308783e-01
-3.488232725918630206e-01
-3.652406666625103160e-01
-6.433431321895946020e-01
5.163424892137581379e-01
-6.288892293031811409e-03
-9.503747364501297090e-01
2.448462900284940902e-01
3.254796920008878880e-01
5.207024072904177514e-02
1.172770802372409549e-01
-4.570633561107461662e-01
2.369950154915558271e-01
6.013136902733537958e-01
8.379690123003795676e-01
-1.000000000000000000e+00
-6.901828891001202670e-01
-1.000000000000000000e+00
4.294753338248780139e-02
1.000000000000000000e+00
-1.000000000000000000e+00
4.925387180933575859e-01
-3.673391230171991345e-02
2.331209380800885744e-01
6.866501343158113446e-01
-9.967401167260260264e-01
6.404223396235324550e-01
7.442711632283802725e-01
2.974998428039645204e-01
-3.467647365863850695e-01
-3.004570782425692865e-01
-2.310405150364397420e-01
5.501615232916370335e-01
-1.000000000000000000e+00
-1.262156722346934878e-01
1.000000000000000000e+00
-3.710284371473266396e-01
1.000000000000000000e+00
-8.840501347362320073e-02
4.193335413796039912e-01
3.911939318536077348e-01
6.275429745103247026e-01
-4.933169080343017820e-01
-2.420522702873005583e-01
-1.000000000000000000e+00
-2.351094010324417394e-01
-6.726066157758774956e-03
2.713713109945778412e-01
-1.000000000000000000e+00
-8.709257966926251537e-01
-6.229334292875817747e-01
-7.417117958279002554e-01
5.824460672611923018e-01
2.390676899466022409e-02
4.299955289757524945e-01
5.141422899011861836e-02
-8.471179882594107591e-01
-2.251207877580619909e-01
2.792826660945257888e-01
-9.358890132441678444e-01
-3.731564251855244707e-02
-1.551256585428342771e-01
7.498245326182582104e-01
2.776512244422726372e-01
-4.508519251151972274e-01
-1.650592640623739504e-01
-8.866356013435322536e-02
6.122332906745757697e-01
2.339909391090244650e-01
-5.223197565654863483e-01
6.284306064404561187e-01
-1.478984740295644362e-01
9.987151216109696472e-01
-1.000000000000000000e+00
-1.000000000000000000e+00
-9.716508071235376853e-01
1.917801420982064020e-01
-7.210836941982862180e-01
-1.000000000000000000e+00
6.748196255855350989e-01
8.062832399826056484e-01
1.067701954419186527e-01
3.998214684708585320e-01
-2.159196939902428558e-01
-2.380010981600569342e-02
5.324735804935734063e-01
-1.291065700671782945e-01
-6.399602722989118364e-01
-6.302480421354850204e-01
-3.413397477016449910e-01
-6.081137291899447739e-01
5.410017353203144808e-01
6.090485606954347819e-01
-6.829966671734571948e-02
2.206958527642280399e-01
6.803237963471439054e-01
-4.188111927883016450e-01
-8.735199861485540840e-01
-7.012925600706412799e-02
3.305307000051243560e-01
7.664501720474188318e-01
5.472300865430043681e-02
-2.470717161247669991e-01
-1.000000000000000000e+00
9.804960918711330686e-01
-1.000000000000000000e+00
3.877864486491338636e-01
-1.000000000000000000e+00
8.892474223031749947e-01
-6.003014712150220866e-01
2.756752140096957460e-01
5.230188354307210297e-01
3.121516511064420518e-01
-9.270486994818873949e-01
-9.485183115717279456e-01
5.210441075463826399e-01
7.038948571684073841e-01
2.456927393123700398e-01
-4.310617298643032447e-01
-7.394114592101846961e-01
-4.228333583043148991e-01
2.940909604414306266e-01
3.024238039330985339e-01
3.731067049448588691e-01
-6.330753370666353241e-03
2.680052837015789446e-01
4.446639569002369119e-01
1.000000000000000000e+00
-2.497760084485302623e-01
-1.922631292734263975e-01
3.568556754385868723e-01
3.025806765478555871e-01
1.343383010876538983e-02
-4.020165191892258738e-01
-5.764274066900762494e-02
-5.532778403147022850e-01
-1.838564038282907986e-01
-1.702205950922522915e-01
5.375990041587701274e-02
5.182311847470730815e-01
5.713510506317465154e-01
-5.720982134151529619e-02
-8.263519128079315212e-01
3.617848121849317478e-01
-7.958768881503400783e-01
4.225373532948843991e-01
-5.291671138849849410e-01
1.142526355414803380e-01
-7.975986143086287727e-01
1.000000000000000000e+00
1.421361658286316165e-01
5.130437215405331264e-01
3.652361083204420100e-01
1.660428791743806531e-01
-3.173233973662897278e-01
8.019802069224685193e-01
-8.685799460395198235e-01
7.209281960361686448e-01
