3.937369307697626830e-01
-2.158966637533568655e-01
-6.621464043218008300e-01
-4.041130899745523641e-01
1.354846971306331860e-01
6.598830091984698720e-01
2.596979668256502172e-01
1.421738918682443842e+00
-1.884825116780606269e-01
-2.100839660372838813e-01
-2.583633374849338971e+00
-7.488934758545889858e-02
-5.801547161561151356e-01
4.581211808306415167e-01
1.964152646121970491e+00
1.308864510335304043e+00
5.984236072555488839e-01
-3.736635942565932345e-01
-5.398421951154146470e-01
-1.191201665401306009e+00
-8.002522219862009401e-01
-1.123075916175686917e+00
7.602178133267215032e-02
-6.512340420979953470e-02
-3.395297649947159879e-01
1.064067698030575437e+00
1.262551419635140837e+00
2.943342537708136808e-01
-2.281310570697810958e-01
1.433983336829164901e-01
-1.061931140860170181e-01
-1.038183696784745980e+00
-9.282583909049614279e-01
-5.505958528585075396e-01
4.233561199679609643e-01
4.190962512674227813e-01
-5.908731082072544716e-01
-4.809504394662756921e-01
-8.730902625224111757e-01
1.706110533815416441e-01
-6.167902501164691520e-01
-6.341477209979599072e-01
-1.877535668874101213e-02
1.039967263448823509e+00
-3.024643217603167900e-01
2.383460158308040311e-01
-4.926833763664520971e-01
-2.106905266191481552e+00
-1.125727852332716328e+00
-4.605377153819251168e-01
8.905917832744655316e-01
1.338477198813327329e-01
1.693110735207721818e-01
2.920086220580393466e-01
3.268310553244081484e-01
1.332274566136298910e-01
-1.558237367298237475e-01
-1.850787213876775028e-01
-6.008524986723676187e-02
5.355808364336476224e-01
-1.672652661505202865e-02
-1.046954546205463465e+00
-3.461113494569443283e-01
3.787631997559418595e-01
4.883382197423569160e-02
1.980528761877213828e-01
3.801688119668050758e-02
3.513321818651489181e-01
-2.090231310605372983e-01
-1.147947206323326697e+00
2.680944501531069557e-01
-8.093277908597262815e-02
7.597345344670853873e-01
-4.175287191005363358e-02
-1.057592966535467527e+00
-1.434925764225920553e-01
8.277992977211859893e-01
6.306232449993232070e-02
1.082383218201460551e+00
3.844449700967159100e-03
2.009545272201067156e+00
-9.051331620517129029e-01
1.111007656018072887e-01
9.388731246796649943e-01
-1.848360108493364518e+00
2.776551346753785010e-01
-1.266464730446872800e+00
4.540063679593598911e-01
3.099837861448625498e-01
-1.521742704728939577e+00
5.183862973083180892e-02
7.183965641673932812e-01
-7.139283853967637317e-01
-2.420476342836548334e-01
5.265495303822127493e-01
2.134570555102973000e+00
-3.460360501483932261e-01
1.016515752691927066e+00
5.298800505778726855e-01
1.992343585957155883e-01
7.824484289326638642e-03
-4.252442208132412721e-02
4.158122142256587273e-01
-2.969409770221820843e-01
-6.915148446782166669e-01
5.658654656471953093e-01
8.404055560476066944e-01
-5.261945321064594866e-02
9.994776116380990616e-02
3.696355968119473534e-01
-1.156902244641639488e+00
5.999000921762811522e-01
-7.732630918915510687e-01
3.989386623655679087e-01
8.334897780664489719e-01
1.458299362683668776e-01
9.389836471216903013e-02
9.621201248444258280e-02
-1.915477650360607464e+00
-1.341472697667615566e-01
-4.430086529188549394e-01
1.026325494885801826e+00
1.766978303541037743e-01
6.335238272098926704e-02
-3.048225788440937431e-02
1.096296999194670274e+00
6.347350866069179087e-01
1.510626827841173636e+00
-1.521584722725578320e+00
3.412201468170961149e-02
1.244097054886706077e+00
-1.774145552312087037e+00
8.222626101044483438e-01
3.019817899208910639e+00
-9.086396317256556499e-01
-8.780491805511236869e-02
-2.079599210758943162e+00
3.496423489281818009e-01
6.665861564374260251e-01
1.315484269486120739e-01
-2.994825948299201235e-01
1.072480675753786805e+00
-2.856438445467927023e-01
2.685628687693123462e-01
6.824485645623581398e-01
-2.261155064880026322e-01
2.670745605595409300e-01
8.898551746873168966e-01
4.095266127489890495e-01
-1.640627997108995428e-01
-4.498811031440799746e-01
-7.539415381992442544e-01
1.117310245353939857e+00
-3.334786210685795060e-01
-2.327214376180639088e-01
1.890406193012395542e-01
-8.239623265733747592e-02
9.258593340711642750e-01
-1.150925135585331827e+00
7.592008959698633985e-01
9.261067404665384029e-01
2.473834927638954295e-01
4.750158868697168524e-01
-9.221007165344360934e-02
-7.749877438622594372e-01
-4.542456127373317720e-02
7.059623531298711896e+00
-2.924252238884161303e-01
-1.856969045435027249e-02
-4.163402560653705065e-01
-3.096458777420734165e-01
1.934948116116756711e-01
5.957503427013590702e-01
-5.682768717726260910e-01
-1.918487492111374260e-01
-2.534055380129933699e-01
1.835101053787486336e+00
-7.162882812053378290e-01
9.973624831371090405e-02
-1.351251162995609212e-01
5.205479675845208209e-01
-5.053662833466004978e-01
9.601852344815681173e-02
-6.730321723588472693e-01
1.296562562694661969e-01
-9.942135151422645256e-01
-2.897952777671579661e-01
-1.327270566194039547e-01
1.022817250102973752e+00
-4.439413421742391952e-01
-1.275960312879270142e-01
1.173348272401229186e+00
6.660153517850762039e-01
-3.453043868495621060e-01
6.076734869564123231e-01
4.732432750695652501e+00
-3.510527587070230160e-01
5.448413979716029143e-01
-3.203488764736183159e-01
1.602371742888680561e+00
1.632177429601632479e+00
-4.417001398868022344e-01
-4.696935825936032760e-02
-1.600626259559841280e+00
1.054009310850386072e+00
6.735143180964252296e-02
4.154981766653240705e-01
4.237846838773958683e-04
3.666910300042378612e-01
-1.108488228202886283e+00
-8.379615282933667864e-01
-1.021030819155403613e+00
7.674390049249156798e-01
2.441625611962265352e-01
-2.970650861569233414e-01
-2.410453109287121753e-01
-1.127495305137882209e-01
2.147392343074458754e-01
-6.160562613729287929e-01
9.839778321582369480e-02
-3.737877742804743830e-01
-1.381223661311556050e+00
4.303168332152309539e-01
2.625384755327568875e-01
6.639606866279979869e+00
7.213944790616142466e-01
1.996178600212292986e+00
1.507896219882194355e-01
7.515127380535899793e-01
3.216323812870890420e-01
8.786575565061591764e-01
-4.463534512698444923e-01
-4.145739308390143929e-01
-2.346980392273559646e-01
-6.977806872384009762e-02
4.548916464620732514e-01
5.441782408208744037e-01
8.143503380998021179e-02
-1.334036434723159803e-01
-6.949958119767569720e-01
-3.539504209625413678e-01
-4.734191678481872168e-01
1.311795499318011149e-01
1.761800735580571819e+00
2.762967929660595345e+00
-1.334520894619042886e-01
7.789842326663298788e-01
2.179246578416245417e-01
3.383754117176622778e-01
-7.131056579593229028e-01
-3.851663635788463158e-02
-7.014241546558503959e-01
1.251402845299252609e-01
9.875945664489318432e-01
5.809232103480450604e-01
-5.568127011229846018e-03
2.161380025176198316e-01
8.455776673511118391e-01
7.190804757745232756e-01
2.376639650418792549e+00
8.046161982663885270e-02
7.936960154092864705e-01
2.282297424458302193e-01
3.642540410160399755e-01
2.281449079988222550e-01
