-5.392281181514642086e-01
-6.110455873964422135e-01
-8.312796075812496355e-01
-2.501649673176714050e-01
6.119135726778904272e-02
-4.630124713597856545e-02
1.420739824325761846e+00
-2.347937480736005944e-01
3.640580490722930551e-01
1.442837984154368591e+00
3.327124912430338366e+00
-1.850510238188063372e-01
6.752704810692407023e-01
4.208423739723299306e-01
-1.268237567484328920e+00
8.083853314562564618e-01
-2.026223113445027937e-02
2.496142877694657258e+00
-2.426892915346558210e-02
-4.369429711611536038e-01
-5.492257603937826804e-01
-5.514694552709270559e-02
5.863425230071479533e-01
4.908429233353031051e-01
-4.585152099286584487e-03
5.164111713587542507e-01
3.252350749367061145e+00
2.957196496786713147e-01
2.356072871418382619e-01
1.214766359289344511e+00
-3.575959576128936668e+00
6.005985013909053150e-01
8.020471884537702101e-01
1.323013522106045281e+00
3.715566517114559097e-01
8.498870318062625717e-01
-8.651688803357827640e-01
-4.592793414476254998e-01
-3.049938468617903631e+00
-1.204776397482287820e-01
2.072005056671521128e+00
4.484314343816002135e-01
9.471978147892542998e-02
5.831610878951711818e-01
-5.121559158263194744e-01
-1.284004181817720858e-01
-6.619702190460408087e-01
-3.799154068901688941e-01
4.721717140241541988e-01
1.398116157967078110e-01
-6.549731142721058053e-01
-5.656564657316741629e-01
-8.081538983619143135e-01
-8.056937760865369169e-01
1.269859540162311617e+00
-1.060434111670779611e+00
-2.883600002427113007e-01
4.727758525411708823e-01
8.787119444853444539e-02
-9.486214115053129836e-01
-4.780147002570473980e-01
-1.926326647323835850e+00
-9.683450658223162755e-01
3.305721314234804087e-01
1.547154982263347911e-01
3.001772304634942046e-01
1.180148155876184379e+00
5.181432613429252931e-02
-5.837725159901158145e-01
2.859479920024087241e-01
-3.571675705439817938e-01
1.677530360918311758e-01
-1.053458217698813426e+00
3.364573083244223328e-01
2.297589220246732733e+00
1.653409003674420341e-01
-3.489186644557592532e-01
8.484684273076074923e-03
-3.635329283272763501e-01
-4.160335314839442855e-01
3.001060343168393540e-01
-1.905565922583142835e-01
2.325246028281638955e-01
-4.441623710467975661e-01
-1.063239385934035219e+00
7.457009620478152745e-02
1.334939040243707242e-02
-4.578296255309949880e-01
1.588108233003280079e+00
-1.024944200203501188e+00
-1.404643424266505680e-01
-7.621070369765550190e-01
4.082531001472943011e+00
8.639122683161272187e-01
7.187666636855811753e-01
-2.774310021360681250e-02
-5.402363646773573891e-02
1.919375322285806318e+00
-9.377710974039181746e-01
8.607325330228206006e-01
2.263053552750916020e-01
6.191568851345343738e-01
4.615307662204747863e-01
9.042386325410889381e-01
1.289270179826336404e+00
1.361302270496017319e-01
-3.908012322398618510e-02
-4.363698978037409693e-01
6.237752480959917190e-01
2.139501228122626109e-01
-4.390697790176039672e-01
-7.219536000920540042e-01
5.469908212100643707e-01
-8.649136062719181561e-01
-6.073105626503520586e-03
1.220965774274427096e+00
-6.411215816463751160e-01
1.144290484507292094e+00
-3.761310375443027154e-01
-1.285725014484005724e-01
-1.254457557959901770e+00
-7.530354795238634047e-01
-4.196422449350526662e+00
-7.123471127008395021e-01
-1.176031169067319082e+00
6.270031125116658499e-01
1.359121027045727015e+00
-5.501049831992014250e-01
1.231269547957134725e+00
-1.374657228582811141e+00
-1.158849841078890774e+00
5.108041618051367694e-01
-1.743368845745571605e+00
5.862897270541392869e-01
-3.858734619612335659e-01
3.044693596739017627e-01
-6.046664934472650854e-01
-1.061479676137459194e+00
-8.507570090125464723e-01
4.822830222145180201e-01
1.028033361524336886e+00
2.022549966746689076e+00
-8.886268590866852612e-01
3.635705104738790605e-01
-1.591038776629590146e+00
-4.372243380941137625e-01
-1.002483675686557829e+00
6.718151961537622840e-01
5.047893337668412084e-01
-1.682958279959858361e+00
-3.352454942256073017e-02
-8.504434706218679807e-01
-2.892624802267660944e-01
2.195596088454252193e-01
-3.802847609002334206e+00
-1.142376189151743660e+00
5.059876337625317522e-01
1.557803916359561391e-01
9.490389076215627329e-01
5.184527038293186285e-01
6.329855656219569582e-01
-1.107300019350400788e+00
-3.373336616703012658e-01
-1.311352059131835890e-02
-1.544145004771519725e+00
1.088547038822840651e+00
-8.683165038087898857e-01
2.174922219396955292e-01
-6.153278802125647928e-01
5.753980127318646387e-01
-6.726945775672736882e-01
3.026284183832538277e-01
-3.140491908771938068e+00
3.656334584746725458e-01
2.695347422274103621e-01
2.683659115391787697e+00
-2.499110165894807833e-01
-4.540628165668829652e-01
-2.579328986575530003e+00
5.883013480009168239e-01
-2.025907668844518020e-02
-2.553906571113618851e-01
4.697011754568398145e-01
4.513766029072079078e-02
-5.683098480152060095e-01
-4.126273329229942499e-01
3.024396102864729263e-03
6.834362503077487938e-01
3.884937999881166171e-01
-1.133063206595388284e+00
1.854742166900775535e+00
-1.738692053584777950e-02
-8.833989171746023938e-01
1.029448871428700452e+00
4.445721122379392432e-02
1.226062251514588919e+00
-7.208121384696452028e-01
1.484126268022401218e+00
4.560808266045973669e-01
-7.092676722535213862e-01
-6.450268306926547623e-01
1.445269663829412687e-01
5.594494593806003113e-01
1.465359344793483176e-01
-1.065014524033431664e+00
-8.329890232345082968e-01
-1.215868647703601813e-01
-5.520227522086113003e-01
-3.325847634775211947e-01
-1.405106567438929144e+00
-6.125837539564139567e-01
5.010161777943806793e-01
9.125581547690247985e-01
4.725989492794405722e-01
-6.452961361702647114e-03
8.996480340971536871e-02
1.053743669505966318e+00
8.237582127967794099e-01
-5.835904452408300358e-01
1.063888659556296412e+00
-3.417088988315974962e-01
1.228201654827509648e+00
5.156181335178016134e-01
4.458308930202195888e-03
1.269089410043453103e+00
-7.621644229830210060e-01
5.524729976411210663e-02
5.654326898122540301e-01
3.505497710211692985e-01
7.139181581561150347e-01
-5.240539765088944035e-01
-6.312410147041022102e-01
7.224745912903967060e-01
-7.103550810098194224e-02
9.384302784460811508e-02
1.066759701149098571e+00
-1.854508514461148116e-01
-7.951112184131589045e-01
7.880008563387075338e-01
-2.831693411912337144e-01
-1.509322573704059978e-01
-1.514474340000047548e+00
5.980946287690296348e-01
7.442139286122251285e-01
-1.476936037920709710e+00
-1.072775246130377003e+00
-3.724991791961946852e-01
3.628409165498185929e-01
-1.570224755789525473e+00
9.378012946560290164e-01
5.040633787454754655e-01
-6.486639812234130664e-01
-4.189529571793179086e-01
3.301313949349935495e-01
4.857299180623467771e-01
-7.237199408674945822e-01
9.106591511890367308e-01
7.006254324096989894e-01
-7.686875802915807965e-01
-5.475273957298182337e-02
-5.450686846995222989e-01
-2.681838023640225610e-01
-6.998138177906667590e-01
-3.366987347430263622e-01
-1.025337189202630395e+00
