-4.859308719717909120e-01
1.960382322655292442e-01
1.173543723447202147e+00
-5.671855872559682793e-02
-5.153812879269638048e-01
4.191877468381655647e-01
2.144124280318110420e-01
1.627722742748868856e-01
5.583093840193154023e-01
2.710067722769692322e-01
1.119558041451999664e+00
1.975319257431855102e-01
-3.724432811179533009e-02
8.573186824218637092e-01
4.792459559550538151e-01
2.341395577784416648e+00
9.120542107940969867e-01
-7.533873282596166288e-01
-1.126487719378926666e+00
1.287617223377158560e+00
4.716371538556802245e-01
-9.498037672068848636e-02
1.245884370044308097e-02
-1.085746550256700138e-01
9.561879669074946353e-01
4.005651003658570186e-01
2.045348793511926333e-01
1.166106737853347119e-01
7.744420852487425844e-01
3.423909762095869724e-01
-9.623582557794027603e-02
-2.995448085370049363e-01
1.092272198371194991e-01
-1.680698248443241449e-01
1.013068855500101340e-01
2.187730657443966997e-01
2.235854675398915248e+00
1.424750953475884208e+00
-8.849608300466642596e-01
-5.374180064604332507e-01
5.824303131378121279e-01
9.414246504388510406e-01
8.687813668123010036e-01
4.290196865771939844e-02
1.312295366352513037e-01
3.021569929631817142e-01
-1.603441080822082920e+00
3.407821264658499050e-02
6.083941921912794371e-01
-8.234257243042168994e-01
-6.216828969701191365e-01
1.161345778464643708e+00
1.834227544632164530e+00
-7.087259867437614158e-01
7.719489522083406996e-01
-2.007122229906239119e-01
6.521466035100513814e-01
6.032775234712215440e-01
-5.233840821317933489e+00
-5.010909826765892749e-02
4.839281763445411610e-01
8.982867986317828457e-01
-1.147115867789149646e-01
9.328364767892639575e-01
1.026829534917820919e+00
4.530300763411961862e-01
1.994379578711104051e-01
5.025537327944119559e-01
-1.123429580592653299e+00
-6.768704190812739885e-01
-1.189218362696484288e+00
-1.256732380893178957e+00
4.502442843707163411e-01
6.260839354854266237e-01
1.163651768692986366e+00
-6.351515479937450692e-01
1.244012786256032538e-01
9.604159060058377329e-02
-9.476923461769644064e-01
6.015875346867090023e-01
4.547518066517723945e-01
1.618513454991110656e-02
6.606534473036693722e-01
-1.230534609052844064e-01
9.898614732848143305e-01
8.189804670778871865e-01
-4.136632344075001910e-01
1.329284193588044616e+00
1.385089569516163355e+00
8.569472967702307376e-02
4.742058703760887450e-01
1.263835674111740470e+00
2.240365519554235463e-01
1.123068388333264167e+00
4.932524483190701275e-02
-1.104618451616822483e+00
-1.514357966242019238e-02
-7.527626934391904445e-01
5.464275195920251793e-01
1.003243025682633682e+00
-5.047872961158897387e-03
-8.823739425906926837e-01
-1.033366896220570430e+00
5.043976938996714843e-01
-8.202004449366029348e-03
-1.572824071833506254e-01
-5.263328709109238446e-01
-1.382540556810087029e+00
1.050292670688906416e+00
-2.616706275232671963e-01
-5.153686478533525683e-01
-1.237892157998305542e+00
-1.164640867374056032e+00
-1.042120500307908593e+00
3.237305426638342754e-01
1.544208530981749927e-01
1.818080493020195476e+00
1.399400900500251010e+00
1.276607097986351302e+00
6.033372165175587831e-01
1.636005933387548072e+00
-7.792255384909998472e-01
-5.062168732581318054e-01
2.172304749299535931e-01
5.855272008585230559e-01
-1.276994669084179357e+00
-9.013505763543208094e-01
6.514299642860543749e-02
-2.963316731431502316e-01
-8.122584017430591885e-01
3.062590121487839268e-01
-6.366344859367981668e-01
2.406193555532515349e-01
6.565716262073257870e-01
5.455849918704280821e-01
3.289724152396356072e-01
5.173774975576922452e-01
3.239221112437187244e-01
-7.821681340505950430e-01
-2.188300325995772289e-01
-6.503888720626024300e-01
2.732758589751743905e+00
-1.304752547310435162e-01
3.549752369603494273e+00
-1.483273840436143409e-01
1.613500291185983482e+00
1.774282507934145381e-01
2.741024745358908721e-01
-3.530159446778298182e-01
-1.406493994770658396e-01
5.711472436123657959e-01
-5.945637871578861311e-02
-8.700137871454804994e-02
-1.745519797250756899e-01
-1.620308813180636687e+00
-1.560936938958995768e+00
-2.710414611259573947e-01
-5.146663416964060433e-02
-2.920842578796423172e-01
2.051522798095217481e-01
-6.668393383645976336e-01
-2.689143318866087373e-01
1.136218051179641031e-01
-1.055213767152081150e+00
-6.010284379573291869e-01
-3.415692321910556162e-01
3.829071130763563868e-01
1.369756000756061631e+00
1.240515740125963218e+00
4.402762972565226196e-01
-2.430733636387746033e-01
-6.400089042708738685e-01
8.813077647268390269e-01
9.048294832037981905e-01
-1.730817639309331080e-01
-8.138034849608113408e-01
-2.814728634060540413e-01
-9.513607210702470507e-01
-9.674050884694510577e-01
1.126825073770941543e+00
-3.111648591284285059e-01
6.061256455222148176e-01
-4.725679170124663653e-01
1.234652131858934743e+00
-1.298884960584484605e-01
6.494743794124951952e-01
-6.557015943830752924e-01
6.305528219878971941e-01
-2.338210352471970843e+00
-7.444193655814876909e-01
3.468010349456082109e-01
1.999343937576304464e-01
2.599703937024268330e-02
2.428348879721789477e-02
-1.630060157987580083e-01
-1.367657608425278115e-02
-2.664074282854503872e-01
6.235151970152190692e-01
-3.902105952295269464e-01
-1.885481244408164503e-02
-2.154654350848928535e-01
2.832340454311387257e-01
2.923896099234365997e-01
3.152762516196251363e-01
7.866626678349413204e-01
-7.821270468601226877e-01
-5.073657789835717136e-01
4.617346651695602988e-01
-1.305862203815109646e-01
1.094649855947066541e+00
-2.506894120789064928e-01
3.413189309752937550e-01
3.233377859139475174e-01
7.575072290138208375e-01
8.674560133391300276e-01
-6.843839678097380919e-01
2.651574076758484999e-01
-2.883304167827263065e-01
-8.093427963265950043e-01
1.574400244182736941e+00
-2.063215093970246272e+00
-1.914751260486622642e-01
-2.016786720778308561e-01
6.388353696444282193e-02
3.442761860801342721e-01
-3.489159661037841254e+00
-9.972077969640129602e-01
1.637313676517049843e-01
9.037010586221870811e-01
3.905625309218270225e-01
-9.871316823390153816e-01
-7.099236191339933222e-02
9.078544932293686198e-01
4.569207629310211294e-01
-1.015376150699565105e-01
-5.757666928630764680e-01
4.550589396728157432e-01
1.449514890110619424e-02
1.022700845185566587e+00
1.741319733272389980e+00
1.248988579474619831e+00
5.926585238157362490e-01
7.453094127934958291e-01
1.553658112609359154e+00
1.798518781218382045e+00
2.191384624010116466e-01
-6.996056848556662100e-01
7.805551086462374222e-02
9.557291243080935361e-01
4.355820346278900246e-01
-5.967790660246277135e-01
8.252164215737822772e-01
3.358457894770560670e-01
1.217243354211832607e+00
1.874465142077786639e-01
1.643431158015951077e-01
4.563739094132074903e-01
2.063181530394867513e-01
2.014403304024664498e-01
-4.710690153202319874e-01
3.852836732999721792e-02
-9.064452232433122258e-01
-5.466489484884967665e-01
-4.042001096068876809e-01
-3.563951428306627589e-01
