-1.853762682612952184e-01
4.276581296291178114e-01
1.593425377253959274e+00
1.537326096932929431e-01
1.779477530016520648e+00
5.700966970210494811e-01
-6.031534142079650884e-01
7.964293946835870885e-02
-1.188982296257387272e+00
1.213943512376186362e+00
-1.226268464112768353e+00
-6.638266752552870464e-01
2.891179588754353436e-01
3.456311315482360480e-02
4.183528709533577139e-01
3.847740265241267332e-01
-5.286624809965472238e-01
-1.924463783162784491e-02
-4.811377627760204945e-01
-8.001305728805521711e-02
5.833539590425602245e-02
5.389875352112444284e-01
2.650707856629463954e-01
-3.873476517270586506e-01
-5.143820273711119384e-01
-7.468176724507384900e-01
2.998321133250372306e-01
-5.453895402789616931e-01
5.326476954849952428e-01
-1.156257623510493493e-01
-6.910548253972441657e-01
-4.757868395813394380e-02
-2.462430676854116651e+00
-7.752995465608218950e-01
-6.512319223370834909e-01
-1.524390888693715862e+00
-6.693613068135020328e-01
-1.994615847947429188e+00
3.877839566484668210e-01
3.664463065272468567e-01
1.475683920117137893e-02
2.103360746115002511e-01
2.394715267521410895e-01
1.659561185058730626e+00
-8.904725198755195636e-01
-6.726735672755639328e-01
-5.968425947893281069e-01
6.979685510944557691e-01
-5.133263103350148293e-02
-3.936040609674170132e-01
1.109890440451975380e+00
-2.050613879273659734e-01
1.005836685693089372e+00
-1.437361787483336428e+00
3.243775200909557732e-01
-7.784193231684208847e-01
6.832760410400642304e-01
-4.015478137751489207e-01
-2.027125251244078774e-01
8.154889528420591893e-02
8.516152329082928851e-01
-1.142677274289719769e+00
3.698502045764523460e-03
-3.315684266540301905e-01
-2.611238673589720838e-01
-6.428694624384847511e-01
-1.678162557107534703e+00
-2.377246732399108109e-01
-8.790319311148273029e-02
1.327466442422924775e+00
1.804707198095885978e+00
9.503633564319957650e-02
3.632340501355802997e-01
-5.181468964342454964e-01
-8.010375316305650140e-01
-5.829921496045457063e-01
-1.177222174714412650e-01
1.196712220473248989e+00
-6.180675991758015630e-01
1.252054244898520227e-02
-9.479211243294002887e-02
1.977121389929632489e-01
-2.811619568661045121e-01
-9.784642231268680934e-02
8.233607327128180664e-01
-3.098035698883857325e+00
1.209953237811377952e-01
-1.573549161787614614e-01
-2.417895331952435445e-02
4.047598108297719710e-01
2.241680298398438520e-01
2.767552029049937801e-01
8.948295602217177791e-01
-5.564051855168035132e-01
-1.895250813666410350e-01
9.036210232336092663e-01
-6.312129006231710360e-01
-9.183019929416678107e-01
-2.530207602120572719e-01
2.702172335399715131e-01
-7.517269163769983997e-01
4.550795568209653474e-01
5.111246905707821364e-01
-2.547648795833600266e-01
1.443534218578618189e-01
-4.841797698902887692e-01
-4.824432723700605719e-01
-2.220123689593101607e-02
7.668636231396743774e-01
1.042194221462914072e+00
-7.095822878519737476e-01
3.616908516354291891e-01
2.966282940888190778e-01
5.888191685393842079e-01
1.030624060978996948e+00
5.428213554507078931e-02
2.699923139272237815e-01
-5.877689790806093217e-01
-2.363756550006858026e-01
1.835150238839204362e-01
1.682028319013920137e-01
1.584491229982787130e+00
6.104633008886459211e-04
1.439951162493545711e+00
-7.118785507075919838e-01
2.490369247959047794e-01
2.298721811496406420e-01
7.193011019894168800e-01
2.661299134259523247e-01
-1.553627060101167578e-01
2.141673655085834793e-01
-5.653967622017797012e-01
-7.620970625633807782e-02
-2.780469675414729558e-01
-3.433052234426397509e-01
-1.167938636218039949e+00
5.661256506129681565e-01
-1.498628420489988677e+00
6.972239319754375275e-02
-7.417355354581239846e-02
3.376464919392000996e-01
4.468127492615588947e-01
-9.631021669477037861e-01
5.837297157604077746e-01
6.826844289119825548e-01
-7.546586284593219673e-01
6.059983741343957231e-01
6.503044455303823579e-01
-4.151058505017496403e-02
2.829267709142213594e-01
8.463806643348092962e-02
-1.901534117939817636e-01
-2.196800260308704011e+00
-4.288124661903315871e-01
-6.754767468693269328e-02
8.090222704157304379e-02
-3.478312434589342361e-01
2.553363932015241256e-01
1.990043705687826403e+00
-9.445187392670013615e-01
-2.077063784497169829e-02
7.178135193851924445e-01
-3.896672120650804816e-01
-8.525513788678373839e-01
4.833194102591430452e-01
-3.471417125256083536e-02
-1.301278248194745468e-01
-2.291832689096229281e-01
1.883365707874245232e-01
3.006839487001587985e-01
-2.557846315247015445e-01
-7.327158826224827726e-02
-8.236857751697738983e-02
-7.330365723113185794e-02
6.204230341981005203e-01
-5.471842238771250366e-02
-4.937212167948492603e-01
5.929375662756580789e-01
-5.277284014735698081e-01
-5.235464469786454966e-01
-8.941683483083475714e-01
-6.225905554842988687e-01
-2.304160981393998386e-01
-1.876877276810501760e+00
-7.074332623093515515e-02
7.697785016429796734e-01
-8.221829023559816818e-01
6.435577247798076606e-01
-6.941037601710953187e-02
1.694493403276381427e+00
1.342386319554774721e-01
3.240625474400951944e+00
4.278926613863894834e-01
7.623601409647391414e-01
-4.448869490214739653e-01
1.176015489224965238e+00
-3.602510735152973376e-01
8.938776742033410772e-02
5.366942417187045011e-01
6.496995110957156649e-01
3.383845386551257439e-01
-2.390435911792362922e-01
4.736580739911039339e-01
6.302335898435440509e-01
1.484628146892258638e+00
6.782489555806532344e-01
3.239371475412639034e-01
5.838448166311973608e-01
-8.682398285759725942e-01
2.561042872034632878e-01
-3.893667605700448231e-01
3.254228403072304543e-01
-7.426505655654633831e-01
1.437180348434003996e-01
4.644552061687240996e-01
8.145770350952449834e-02
-9.492507932491610623e-01
6.121090339830234095e-01
3.431072859644146433e-01
8.422431998284392041e-01
9.846343969206774460e-01
-1.216683488583430783e+00
8.401699816640766372e-01
5.988661736320743945e-01
-3.883307939321791746e-01
1.587900557416669356e-01
5.302082033171472142e-02
-7.866423952986950630e-02
3.426475562960457077e-01
7.207964002878584076e-01
3.312834613174324150e-01
-1.506743152601355273e-01
2.241819927564683845e-01
-5.499517372465312359e-01
-6.714325520586506002e-02
-5.289789039049737074e-01
-5.819299301787506096e-01
7.836305081595812405e-02
3.088247532671244411e-01
2.790380079546680436e-01
3.622028433342109333e-01
5.221072327600280172e-01
-3.702994309135561601e-01
4.492835731781529840e-01
1.389515810961773123e+00
1.691853839993738284e-01
-9.976797276797032543e-01
-2.164653918089342322e-01
2.767314928098925098e-01
1.766541664018012048e-01
2.904243300238889547e-01
4.925492021683131050e-01
-3.157158244489773891e-01
-2.180892926885785038e-02
-6.153783203048639461e-01
-1.032023471041600082e+00
2.624116867852253954e+00
1.143911943033178336e+00
8.134071503978057560e-01
3.245781279696181576e-01
-1.161572800021008600e+00
2.958141514600617361e-01
-4.609811627579937232e-01
-9.940157456487863641e-01
6.201602569702125978e-01
