-8.951511341370246289e-01
-5.212565573428642463e-01
-1.945270856274766702e-01
2.902080578616280659e-01
-8.956569063557535681e-01
5.600745475550329422e-01
-3.404208685728259409e-01
7.104894519524194152e-01
5.558696421345046268e-01
6.469974286363767702e-01
5.388104261711856857e-01
1.510627478468944407e-01
4.040617895421887984e-01
1.295872351299854064e-01
9.919441384338122392e-01
-6.459332058448105651e-03
4.012830035895832981e-01
-4.852648097990184817e-01
1.000000000000000000e+00
-1.934908666314882342e-01
-7.848581742116209625e-01
9.516487218868749931e-01
-4.965874912265770824e-01
3.404587474555602622e-01
-7.714180884312697994e-01
-1.491181134333018354e-01
-2.143209709094739124e-01
-9.959408898137508404e-01
1.615509193981263247e-01
3.216211182333873764e-02
-9.204945084139153355e-01
-1.612051609432267330e-01
5.824723898083241647e-01
4.684868991172591590e-02
5.190662966254375732e-01
-1.000000000000000000e+00
4.655781496661432484e-01
1.000000000000000000e+00
-9.046565490146711852e-01
-3.771181823433583657e-02
-1.000000000000000000e+00
-1.904196723972677030e-01
-2.683865503168512134e-01
2.124079975640524864e-01
-1.270712181724377998e-01
3.748833466923115476e-01
7.033563544019127978e-01
-3.664232588626494813e-01
-3.756987655871715792e-01
-2.648861265960615885e-01
-9.938527632418189817e-02
1.000000000000000000e+00
8.784236438269455993e-01
4.224502317931412287e-01
-9.530720630886261313e-01
4.226766952618147416e-03
-3.030639504390095773e-01
5.809938234936000701e-01
6.247747635687774803e-01
-2.505148356611104354e-01
-9.451509186332708312e-01
1.000000000000000000e+00
6.943828982376746284e-01
-6.354911613546210258e-02
1.441653553522584674e-01
2.169283190750421197e-01
1.000000000000000000e+00
-1.000000000000000000e+00
-1.000000000000000000e+00
2.778948217323553571e-01
6.197318495534444027e-01
-9.936700348000060412e-02
1.000000000000000000e+00
-2.955811764095135352e-01
-3.255638841220657165e-01
3.979250658540315344e-01
-1.000000000000000000e+00
5.398036239063888075e-01
7.302501065585662587e-01
-5.294051431702445631e-01
4.204557164183468920e-01
1.376721166221392123e-01
5.406609662900933033e-01
1.133016515353869741e-01
4.140365197291168142e-01
2.501253235551376131e-01
1.097555032053381119e-01
-3.557047618274490342e-01
-7.015740529083872024e-02
-1.573602690098907519e-01
-1.000000000000000000e+00
-6.665538042434195898e-01
2.114578529150306085e-01
-8.462369122206121475e-01
6.707756771369879356e-01
-4.197377423818179354e-01
5.101717059908357221e-01
-1.498440553440592016e-01
-6.193235987670708820e-01
7.125102735116208841e-01
4.467203403695704095e-02
-2.981407486920478744e-02
-4.010403287529601402e-02
-2.037032222953192306e-01
-6.079861649721843841e-01
2.813501734103396323e-01
1.595265392033616558e-01
5.154202028938749125e-01
-1.000000000000000000e+00
5.288273908275569202e-01
-3.821536824252921294e-01
-3.417736368202890507e-01
-6.426962499254951222e-03
1.769919053314134572e-01
2.271485767053962879e-01
-1.000000000000000000e+00
4.417509055432246590e-01
2.812090682824297527e-02
5.355028329843842805e-01
-7.192810238675767520e-01
5.507962939013127251e-02
-6.261434151725306929e-01
1.000000000000000000e+00
2.177244642798604746e-01
-3.020628439620873795e-01
8.057375872980095943e-01
4.098185061610729596e-01
-3.831006414590132358e-01
-4.190048369901050451e-01
2.305784240545838415e-01
-5.988438303792479461e-02
-3.978809934727092212e-01
6.309842176053871432e-01
-4.544015446214211273e-01
-7.658308500348154357e-03
2.533504002634011099e-01
-8.933346062124862819e-01
6.415467570585825507e-01
-7.357203307078963306e-02
-4.068422848790459456e-01
-1.495964887474135196e-01
9.410855764806881352e-01
-5.053395356421760409e-01
6.481035648026489682e-01
4.711925371685269370e-01
7.480592644838839345e-01
-1.868481882739106426e-01
2.987558873863060405e-01
4.549631242043650214e-02
4.762333360931910731e-01
9.449460639055670130e-01
4.224063218498187444e-01
-1.041394087903603771e-01
-1.170915602631177610e-01
-7.655702774932333643e-01
-4.297536320265992194e-01
1.000000000000000000e+00
-6.384451130279805708e-01
-4.341274591096330737e-01
-6.930446621089044745e-01
-8.024841932354041807e-02
-7.080441074817090952e-01
-8.243410353611343999e-02
-1.000000000000000000e+00
-6.561629472588415002e-01
-8.040441187836788739e-01
-4.436355639193481082e-01
-3.733824403458418928e-01
4.144366842798729023e-01
6.933667716538414183e-01
4.894045067716809583e-01
1.000000000000000000e+00
5.785168524079963293e-01
1.164627035269396871e-01
-9.272834513444585536e-01
3.975038066651290780e-01
1.320122832604780916e-02
-3.723093128730400325e-01
4.598886989002367032e-01
2.466536186311590884e-01
4.128749568713385165e-01
-1.000000000000000000e+00
5.347523449781507038e-02
-5.742636760600493551e-01
1.822946165578860911e-01
1.000000000000000000e+00
-2.437199619763085190e-01
-5.972232184474564332e-02
3.810272155818988926e-01
-2.050516175488050763e-01
-5.591911816162051796e-01
-6.605833060187162875e-01
1.951453524654107874e-01
-9.606935884901169898e-01
-1.000000000000000000e+00
-1.333236639393521328e-01
3.173280826000535182e-01
4.758919486547619204e-01
-8.079312571003565147e-01
-4.212782491499810211e-01
5.000919408980739611e-01
-1.477741394173801015e-01
2.130699954315068978e-01
-2.935196091257529782e-01
9.262622501223847227e-01
9.061682287935667324e-01
-9.197262992438461904e-01
-2.765946141247886958e-01
-2.944376977409359220e-01
-4.571649879507362346e-01
9.605925503348610173e-01
-4.802283679816658490e-01
2.499795663956577013e-02
1.106261923013963089e-01
1.000000000000000000e+00
1.000000000000000000e+00
4.982087602739981302e-01
5.688720494560930430e-01
5.913445041951960190e-01
6.721434378175319413e-01
-1.000000000000000000e+00
-6.412583464123867982e-02
-2.866359891172956531e-01
2.620745950493272858e-01
2.241040309483874615e-01
-4.041785829893422832e-01
9.151169132626896241e-01
1.000000000000000000e+00
-1.000000000000000000e+00
5.604605936083231210e-01
8.575673079646437547e-01
-2.820236677223676436e-01
-2.595228061437129252e-01
5.259444460155822121e-01
-4.703244762046487892e-01
-2.040132373069168947e-01
9.836841813220926767e-01
1.056844166661729673e-01
9.644480270611023309e-01
-1.000000000000000000e+00
-8.696593247484514233e-01
5.426561827464997378e-01
-8.094754132249574186e-01
7.256153433475398540e-01
9.712276579736113524e-02
-3.272014798956371928e-01
-5.627708935809532242e-01
-5.209965624018775276e-02
3.177748679824485278e-01
-1.000000000000000000e+00
-5.963577994433451046e-01
-1.000000000000000000e+00
8.203073207580302562e-01
-5.442429108065012233e-01
-5.763970538655562859e-01
-4.917491459826355271e-01
-3.299233521519257528e-01
-2.501172998017301974e-01
4.557570008087288155e-03
-1.000000000000000000e+00
-7.678330862986153527e-01
-2.590032636506347519e-01
1.721153858095653133e-03
4.411594956293227177e-01
8.899532820937093858e-01
