-6.710167197077775425e-01
-5.339777892714492324e-01
5.505416814265200465e-01
-8.169610632478102596e-01
-7.374217852520830174e-01
1.000000000000000000e+00
-2.785646966234928135e-01
-6.485248651240582696e-01
4.368192607121236248e-01
1.000000000000000000e+00
1.000000000000000000e+00
5.741631772127913091e-01
-1.228135364845657773e-01
2.799984493683435605e-01
-3.496234003149584213e-01
4.785435755293028226e-01
-7.899364892332474408e-01
1.000000000000000000e+00
8.111694361009798016e-01
9.231900520087297224e-01
3.118767944158073457e-01
-3.024331353111510134e-01
9.061568149107047665e-01
-1.463936295078127336e-01
9.927940882760605268e-01
3.525323864710137034e-01
-2.020099324255244799e-01
5.952003030342772893e-01
1.000000000000000000e+00
4.523183570524025310e-01
1.509931697569946163e-01
7.717118268189115948e-01
5.711695950411707079e-01
6.633604168770802778e-02
3.435034359143827043e-01
-1.346588006559831796e-03
1.000000000000000000e+00
8.419358749730085911e-01
6.140945159419342048e-01
-1.000000000000000000e+00
-5.053302297939046284e-01
-5.493604401644660573e-01
-1.000000000000000000e+00
-7.634570005914620427e-02
5.953222807510045733e-01
-5.264869084068692917e-01
-7.896608966984545175e-01
-6.834083691721776210e-01
6.938326105939272015e-01
-5.806163965455085618e-01
-6.102544498137514317e-01
-2.430022901323247164e-01
-6.015434112680478895e-01
7.963974921501363324e-01
1.925995678442904702e-01
4.961665928271862258e-01
-7.139836168273039352e-01
-1.000000000000000000e+00
2.737028702248275880e-01
3.626968063649392837e-01
-3.565076585043859270e-01
5.008734544732237337e-01
1.254948949727381358e-01
-1.000000000000000000e+00
-9.385102427713246653e-01
-4.961782950928387836e-01
5.512477958153906288e-01
-6.851414469087920012e-02
2.211954504439966052e-01
-1.000000000000000000e+00
-2.353651348125870291e-01
-4.708456890763037528e-01
-3.529268481107404321e-01
-9.753188065059608114e-01
-2.818491631414546950e-01
1.000000000000000000e+00
5.447828122272144746e-01
-5.308456558975656325e-02
-3.100201995273680657e-03
1.679065224964261249e-01
-3.152348060129976925e-01
-3.354415590334995367e-01
-1.000000000000000000e+00
2.014074372065014495e-01
1.000000000000000000e+00
5.656833821090565539e-01
5.444504289835891409e-02
8.928653563708854879e-01
3.262026753059175666e-01
3.009160873904673239e-01
-2.966663746699518267e-01
1.000000000000000000e+00
-1.000000000000000000e+00
1.000000000000000000e+00
-3.354843747804153176e-01
-1.000000000000000000e+00
5.061347026119765724e-01
7.837237243274626508e-02
-9.010334167871014710e-02
-7.581896100066545241e-01
-2.767808929083863667e-01
2.434222462951367849e-01
-4.175277617049243384e-01
3.844657868675808998e-02
5.476335286808289293e-01
6.735037441191422669e-01
-1.489578377818389365e-01
-3.582246327183736812e-01
-5.390402371366701528e-01
-2.504902951299081693e-01
5.352581491316948936e-01
1.100318991185092292e-02
-8.903899600463485720e-02
5.879912031688985796e-02
7.213124053497420585e-01
-2.964279519522695638e-01
4.875734004672730992e-01
-2.681699996161970856e-01
5.649491103271101489e-01
4.065064057605808356e-01
-4.633110000045342902e-01
7.404672949162476314e-01
-2.632754213555726919e-02
-2.136138772448930023e-01
1.296733572793966061e-01
2.418520508050334139e-01
3.853113867892520861e-01
6.273296364899014765e-01
-7.267262889012573446e-01
-5.497323419369843922e-01
-4.697400319693066373e-01
-2.127835682031494202e-01
-2.418005983062880559e-02
5.786061086425601241e-01
5.531293922333699875e-01
5.705035683990670181e-01
-3.673529960801058536e-01
-8.760053119977229130e-01
5.520236683353069163e-01
-9.993471874236208308e-01
7.609091958470315387e-02
-2.820396372832920662e-01
-1.000000000000000000e+00
-6.218411418260767487e-01
-8.851828004096987668e-01
-6.040260025211289241e-01
1.606346513186747427e-01
-2.161175566386945857e-01
-6.981062449110848611e-01
-2.762858489560354736e-02
-9.715883449648779480e-02
-1.665797133563226562e-01
-4.581383862659677009e-02
8.200333939286158502e-01
-2.271123647541004043e-01
-7.734987131467985222e-01
7.349552945866487663e-01
1.197167019836176127e-02
3.695850938239484407e-01
-2.040913325377161636e-01
-2.562901115947187058e-01
3.244381896113038288e-01
2.584665818692588601e-01
6.819605616041681806e-01
2.117567270768403453e-01
-3.961213878948546263e-01
2.019607398706547985e-01
1.000000000000000000e+00
-1.000000000000000000e+00
-2.099922940128062798e-02
-5.523321400443093054e-01
3.529396405284082605e-01
8.952085594544334501e-01
4.081544039114584632e-01
-5.266221588224430095e-01
4.506516719130523319e-01
4.698144009468223081e-01
-9.915391212572064461e-01
-1.000000000000000000e+00
1.383951045432526283e-01
1.000000000000000000e+00
-1.000000000000000000e+00
1.417067322889224434e-01
-6.231333639451492878e-01
1.154288447887046876e-01
-4.755806893880257236e-02
-1.129897536907086830e-01
1.000000000000000000e+00
1.524603851414900180e-01
-1.092583667604055120e-01
-8.824308366816539795e-02
-1.000000000000000000e+00
-4.294090566838778544e-01
4.851333442142848895e-01
-8.163084383259128218e-01
-1.970428632071302699e-01
2.507002397079564626e-01
-5.480983960365342078e-01
4.842080904015367282e-01
-9.590420410094534498e-01
-2.460686084241993643e-01
5.102816392479887497e-01
4.122283103334502541e-01
-1.000000000000000000e+00
-1.666003595445214591e-01
-1.000000000000000000e+00
1.335235586252715712e-01
8.296464953415549903e-02
-1.000000000000000000e+00
2.538252533569360647e-01
-5.584149118746869478e-01
1.761578897236413394e-02
6.126742485757888934e-01
1.000000000000000000e+00
1.000000000000000000e+00
-8.590301587145279250e-01
3.264279000863696822e-01
6.864020736465211714e-01
1.000000000000000000e+00
5.085577896702675460e-01
-3.307766340806981287e-01
3.482387178268760985e-01
5.080025646076424817e-01
-2.044655610259261402e-01
4.864357381968658633e-01
-7.040093937521179068e-01
6.113756426518809350e-01
-1.705348240327517473e-01
1.000000000000000000e+00
7.037333258804207015e-03
-7.436893748369466373e-01
-5.342019407984590629e-01
6.074737080969229153e-01
5.640144778246258817e-01
-6.796964902968308797e-01
2.639435729506435235e-01
-2.168062548010436519e-01
-1.827759198397611584e-01
1.000000000000000000e+00
-3.561319905535526020e-01
-2.901064815667920849e-01
-1.000000000000000000e+00
1.000000000000000000e+00
5.953748077690029783e-01
-6.005896658398373056e-01
-8.778533695415660087e-01
3.930154821824159705e-02
1.191614868308469577e-01
-6.769699665627345597e-01
-4.208203685324494736e-01
-8.762166523047234534e-01
-2.010764478150580126e-01
9.192784713977086852e-02
2.928448502865509395e-01
1.000000000000000000e+00
-9.928217264085162919e-01
6.863304682916304689e-01
-1.000000000000000000e+00
5.801372238329786102e-01
-1.000000000000000000e+00
2.009530678017796002e-01
-2.054130287135972899e-01
6.383865123261522889e-01
-2.250600619794007606e-01
7.695158392272983816e-01
