-8.271700720507458859e-01
5.737196133079880411e-02
-3.276261838041696905e-01
-7.679224635388945952e-01
-7.794100584786957109e-01
-9.383447279382866046e-01
-2.075074191562282233e-01
-1.000000000000000000e+00
3.876787231258721489e-02
-9.250591540895451992e-01
9.664421925369559574e-01
-1.000000000000000000e+00
-1.230299335345429179e-01
2.776969393553776477e-01
5.101949786145074661e-01
3.205512560805788835e-01
-1.000000000000000000e+00
1.000000000000000000e+00
6.943035728549968866e-01
9.187908835499921656e-01
5.013808928398127973e-01
-1.000000000000000000e+00
5.202980244461079540e-01
-1.938788098129506920e-01
-1.689888727789872480e-01
-2.110909084755202003e-01
-1.077702535706967918e-01
6.636042803038739724e-01
4.831413867471470169e-01
-1.484988688438193816e-01
1.226028926333592450e-01
4.283779734138682960e-01
7.283295588000535670e-01
3.165890705003171490e-02
9.991261266449238954e-02
6.644831201868078852e-02
5.549976690937534762e-01
5.754513142834224437e-01
1.196727617932196452e-01
-5.324577632787537151e-01
-5.011607179053370054e-01
4.314158898673999265e-01
-8.185062667342276610e-01
-1.850328308506046238e-01
4.149705824574986823e-01
-2.030225752439540621e-01
-8.713492979159109808e-01
-9.068636217027378210e-01
7.178557219940194800e-01
1.000000000000000000e+00
-9.182890094537459191e-01
6.380501132304358114e-01
-5.078114629395966695e-01
8.228481678924975951e-01
3.601062787993152825e-01
4.906102497977527510e-01
-7.291463500633675876e-01
4.942606869240612211e-02
3.221924501279443964e-01
-1.477879957383443077e-01
-9.761943817621281383e-01
5.195601684658067709e-01
1.696071181045362419e-01
2.800206027277104548e-01
-1.000000000000000000e+00
4.920843955140499215e-01
-5.255895960885429430e-01
-1.691931577721316193e-01
4.374854719820356896e-01
-1.000000000000000000e+00
-3.298352977547110987e-01
-2.926759693340713619e-01
-2.195645241168132089e-01
-1.000000000000000000e+00
5.721128021403564246e-01
-1.000000000000000000e+00
7.725035328008156288e-02
2.124270283037891227e-01
-1.763466176537003827e-01
-6.669331968265984623e-01
-6.701170415241827771e-02
-1.544363285091262250e-01
-1.000000000000000000e+00
2.113464653515803870e-01
7.986959177108114982e-01
-1.470975574641830153e-01
1.193091158499920978e-01
8.655179908858061655e-01
5.963128856529519295e-01
3.048455110975222815e-01
-2.657446178743133047e-01
1.000000000000000000e+00
-1.000000000000000000e+00
7.922752529312651060e-01
2.239564003871886977e-01
-1.000000000000000000e+00
5.285355567842409119e-01
-1.966705082286495654e-01
5.622152483792257627e-01
-3.001511440386483986e-01
1.794339490190007547e-01
2.646407630365949504e-01
-4.577667738424767152e-01
-3.301283194048070802e-01
8.648021442480916532e-01
4.532243040192014960e-01
-1.449116894291192503e-01
-2.997112933944279245e-01
-2.784835476644914043e-01
-4.279229391402624150e-01
5.612544348341597100e-01
-2.311230918117327671e-01
-3.663202870841826275e-01
2.572605415569346188e-01
8.355059540862933565e-01
-1.294841626877030194e-01
7.994923354852301323e-03
-1.799994040451027566e-01
6.099927203975732404e-01
2.999138451185091592e-01
-2.758028822580795847e-01
7.176693859639741158e-01
9.157877262653059125e-01
-8.349068476181739085e-01
-1.000000000000000000e+00
2.003022431646755697e-01
4.726542035749060622e-01
7.157805562933170496e-01
-5.057997435562253674e-01
-5.998294966843455978e-01
8.451479826048148292e-01
-7.508798095511801107e-02
-1.572352237654364021e-02
-2.114531617209282621e-01
-1.000000000000000000e+00
5.774943229616908980e-01
-2.258979966128552563e-01
6.179165865132867086e-02
7.532770936654155092e-01
1.000000000000000000e+00
2.866328222984902974e-01
-1.826844112013653321e-01
-9.610986390321039075e-01
-2.727831148539987538e-01
-7.345103363298698396e-01
1.534335164749171532e-01
1.163189221759421133e-01
-2.652210080682323445e-01
-5.214340453034040923e-01
-8.090964382828054469e-02
-2.482195753884437472e-01
-2.845514273220225987e-01
-2.787425033041235900e-01
7.472595006185440702e-01
-3.974312577900512289e-01
-7.941750131715828998e-01
6.535442887148265045e-01
2.915728601763916683e-01
5.196897953802463999e-01
6.284988568719174218e-01
-2.419126922329450369e-01
-1.000000000000000000e+00
6.915412311453281724e-01
2.288230967872939281e-01
2.058926764883248217e-01
-3.602412417114237986e-01
1.078068002536563402e-01
1.000000000000000000e+00
-9.608932948859522094e-01
2.942700249086147718e-02
-1.536598604129965628e-02
5.320944749220734016e-01
-3.047779818483067338e-01
3.418677981430215396e-01
-3.857633149931934957e-01
5.337978483334803181e-01
5.735171974874246903e-01
-6.460710140621300779e-02
-7.933227113804897090e-03
2.792170892690860051e-01
1.000000000000000000e+00
-5.718270859753195046e-01
-7.348921993819727827e-02
-3.698380820586591455e-02
8.801002289444942450e-02
1.738145256411295914e-01
-6.706369854178288736e-02
1.000000000000000000e+00
1.497849813775123939e-01
-1.502732351536241462e-01
-8.017648054553427883e-02
-6.491553407990835467e-02
-5.512467180167350822e-01
4.908836305975228798e-01
-1.358801356404663596e-01
4.431468115372262373e-01
6.538898270062906137e-01
-5.483068880982050475e-01
1.871352457689707816e-01
-9.541965108537410201e-01
-2.629087896816945102e-01
6.332707238320886001e-01
3.493390707949742824e-01
-7.778027058717720266e-01
-1.329841901117780611e-01
-4.112010966703770753e-01
5.425202786432935520e-01
1.227279589182209141e-01
-1.581396787272412174e-01
2.661559548433773403e-01
-3.257572678416238432e-01
-2.680927317278747335e-01
6.618055508080908922e-01
2.083100324333136966e-01
5.609302562725738683e-01
1.193404581274618015e-01
4.898266938098483347e-01
6.891484918078841782e-01
1.000000000000000000e+00
4.169093769969259844e-01
-1.590829906242199887e-01
-2.523580878436306740e-01
-3.875041197130084658e-01
6.153861072950492783e-01
3.896477164798439752e-01
-3.978159576778073081e-01
-1.000000000000000000e+00
-7.744936130918565753e-02
5.255052658569772106e-01
-5.535101788348957552e-02
-3.917921909260835833e-01
1.134524250258693023e-01
6.447234816110923861e-01
5.198727863525791637e-01
-7.530799252877078409e-01
1.735597564092567768e-01
-2.260943684463604386e-01
-2.045066237019307342e-01
1.000000000000000000e+00
7.563528891201589666e-01
-3.212503643515071672e-01
-7.505347023334828505e-01
1.000000000000000000e+00
6.288671099813596399e-01
-2.441324269683725068e-01
-3.177457542837755500e-01
-2.044953806895545220e-02
6.244026844975443247e-01
-1.243759523238921888e-01
-3.250345547654454603e-01
-1.000000000000000000e+00
-2.297535265560182727e-01
2.760823298663074576e-02
3.844404722971009325e-01
1.836615245856130230e-01
-1.000000000000000000e+00
6.824960993465946091e-01
-9.939410919565417890e-01
5.841395644187657998e-01
-9.996290152373805693e-01
2.703162003352885256e-01
-4.542824397211585041e-01
5.042791226309673025e-01
-5.082041435062492063e-01
8.328317180439491763e-01
