-5.127185575775848880e-01
-1.314719249761480135e-01
-9.139931938551126844e-02
-1.818950659430772915e-02
-3.966719957543874964e-01
-1.064540171490536424e-01
-7.713408012918686607e-01
-7.533366619929768859e-01
1.069452180602085273e-01
-6.774983266823555450e-01
-2.585217107321279295e-01
-2.053876912762072904e-01
-1.177170849812835401e-01
-2.732629061827012151e-01
1.037620213897162136e-01
4.270149048527307478e-01
4.287414142805361372e-01
-8.124987987265477329e-01
-3.779758591365776077e-01
-8.681990702949968775e-01
4.992792204860238559e-01
7.568993493452664811e-01
6.667103387635515688e-01
6.051345218995888287e-01
-2.934990925225705594e-01
1.000000000000000000e+00
-3.010213954760763144e-01
-4.271288070243046686e-01
-2.274806964614752292e-01
7.352059697481295730e-01
-8.026330377427517426e-01
3.564602922070622126e-01
-8.576872789550307186e-01
-9.679286936715687517e-01
-8.336205378818066780e-01
7.802601912797211270e-01
-1.402879423404079506e-01
4.106897141749517588e-01
-9.965013584288373583e-01
-4.241777969529262338e-01
-7.702053959565728636e-02
-3.963427999394974477e-01
-1.997723596933417278e-01
9.022760812695447274e-01
-1.252737936963389531e-01
-1.616737808162924672e-01
4.987891859841810938e-01
8.118606335939287932e-01
1.547995734136537252e-02
1.000000000000000000e+00
-2.808299816535841931e-01
-6.120838968009016945e-01
8.842858914618557664e-01
-6.831601371435054304e-01
-2.311156005007081182e-01
-2.071516241972116701e-01
-1.000000000000000000e+00
-8.962148132039402526e-01
5.832911772235838122e-01
1.000000000000000000e+00
-8.822374892750037279e-02
-1.000000000000000000e+00
-9.852312026670994038e-01
-4.138019342014309654e-01
-1.000000000000000000e+00
7.405824768945880321e-02
-4.147513310710730372e-01
6.387692804887610265e-01
-2.077276613749821921e-02
-1.587126070749092233e-01
-6.344417408876164011e-01
-1.270160633609286882e-01
-5.751330047397084089e-01
2.465208196336524382e-01
-2.444189295439302967e-01
3.605961907995115512e-01
-7.953930682430989663e-01
-5.077104664033059711e-01
-5.959200022490762638e-01
-7.168048104058418746e-01
-9.112753245927303070e-01
-1.377047328461442066e-01
1.922034253152223732e-02
1.641794846318311574e-01
4.761485634284169932e-01
1.000000000000000000e+00
1.874452364091389600e-01
3.565004950145137519e-01
-3.234927226212717111e-01
-1.000000000000000000e+00
4.961678875209003525e-01
6.899947751309802868e-01
7.131202740679090102e-01
-2.194794682405997177e-01
-4.053196642787468273e-01
-8.350002565323908499e-01
9.927467621455461355e-01
4.301200954032989854e-01
1.605443530936376817e-01
3.734112732229047937e-01
-1.139946572606758690e-01
-5.467592957946501020e-01
-2.459449408849425645e-01
1.000000000000000000e+00
-1.562123045320658876e-01
-9.865541438894511739e-01
6.991578446604763686e-01
1.151633189011344593e-01
-6.246287117048325843e-01
-5.585191515563103781e-01
-1.942350139680196208e-01
-2.102333931025523461e-01
3.418878207164983141e-01
-8.918002435107919013e-01
-9.797470611525590511e-01
1.910905124408919242e-01
9.973199953323728106e-01
-8.805183993790879349e-01
1.802811556758663128e-02
-1.757325432934630505e-01
9.867626525028423412e-01
9.281899898625968204e-01
-1.000000000000000000e+00
-7.296299549800652207e-01
9.560368813020486689e-02
-2.172482743680033690e-01
9.888900100210593624e-01
1.000000000000000000e+00
9.772193806110815451e-02
1.041422626736662055e-01
-6.306047189124819319e-02
-6.137315599857354753e-01
-4.965877695977072293e-01
6.840995317031721701e-01
2.504108753248525110e-01
4.591034591964770484e-01
-4.172684552442501027e-01
-8.984006600775182871e-01
-7.313745275588889871e-01
-2.711187082984283792e-01
5.468507170801222284e-01
-7.511520547605136100e-01
7.704401307550559075e-01
4.161434032187720788e-01
9.319778762179039555e-01
7.886753347590675922e-01
-1.685515371093044279e-01
-4.323758253834544818e-02
5.462065177352536799e-02
1.000000000000000000e+00
-3.883411286639006921e-01
-6.247569825378871400e-01
-1.486813269982635022e-01
1.600834873329854691e-01
1.000000000000000000e+00
-4.817271719022458987e-01
-6.857117004255340875e-01
3.607016917620591845e-01
8.778637937176090311e-01
-6.945285529382831946e-01
9.643771586847692534e-01
3.538084651141045756e-01
3.369776923632258891e-02
-1.000000000000000000e+00
-1.984188404731424826e-01
8.222746548561971069e-02
2.639444373806395516e-01
-2.575070472717088110e-01
4.157649076826321899e-01
5.293783577043231769e-01
-6.803194534823477913e-01
-9.997717915026461677e-01
-3.127948172379957370e-01
5.591769580197448741e-01
-9.944576805229724537e-01
-3.156007900178547376e-01
-3.478971743686278817e-01
3.277289024994903266e-01
-9.148218340404370430e-01
9.502138748688576664e-01
5.803767806944013508e-01
1.000000000000000000e+00
-9.169579531261651262e-01
-4.013095305069370733e-01
5.756893431387950510e-01
5.072195707517223040e-01
7.729846264672378675e-01
-1.288911626022207213e-01
1.000000000000000000e+00
5.929428584035698613e-01
-2.995259327557555085e-01
2.540648282438430217e-01
-3.374892878522805506e-01
-1.000000000000000000e+00
-5.594781455479731491e-01
7.358082361291332085e-02
-6.717232089386208083e-01
-6.520979651983614955e-01
-8.900035535038588463e-01
-4.814134546428658901e-01
3.030583526012031736e-01
-8.544548403649619983e-01
-1.405545812358442448e-01
9.723127150987593836e-01
-6.834818334937315942e-01
8.246090580631630917e-01
1.623534778873200191e-01
-2.077516394019090218e-01
7.267431228394301002e-01
1.162253548414771964e-01
-5.421912383148241865e-01
1.367162447544338355e-01
-2.704318599034342269e-02
9.798302410119550387e-01
2.593620212877524311e-01
2.342437981106194611e-01
1.000000000000000000e+00
1.420825171684840793e-01
1.683074428885118212e-01
-1.754821273694535944e-01
-1.000000000000000000e+00
-7.806117341972689250e-01
3.988300981030700187e-01
2.658353305790828180e-01
-2.237137057923751227e-01
6.303797365482044501e-01
-4.659577624324889866e-01
7.428565200288099746e-01
-6.594362406982667846e-01
3.456745098600689237e-01
-5.563519027595698052e-01
-1.156295002942376721e-01
5.229244385134568240e-01
1.968611045266920323e-01
2.151939248342658595e-01
-1.000000000000000000e+00
-1.502526076035564928e-01
8.062259240787256198e-01
1.000000000000000000e+00
-1.248687279916217523e-02
-7.780366203562631977e-01
-1.944372662492487858e-01
1.756295237977809620e-01
7.646386464332244337e-02
-2.955890901431592610e-01
-4.374432155696783564e-01
1.000000000000000000e+00
4.359316966470994092e-01
1.894957402371833799e-01
-2.388614445791273078e-01
-2.379663700266998194e-01
-3.518208936842244783e-01
9.964439834238023597e-01
1.000000000000000000e+00
-6.438033987023743521e-01
-9.971198000846475118e-01
-1.000000000000000000e+00
-7.974723280713007512e-01
-6.502132606965680406e-01
6.312633951477280014e-01
-9.940545865976641027e-01
-5.558382144767028965e-01
1.802527155134221182e-01
3.871346948203973071e-01
5.794959048498233845e-01
