-1.000000000000000000e+00
-1.246636836278310900e-01
-1.164799348516965816e-01
1.450985038568015639e-01
8.242830667632577990e-01
-7.196675561236415275e-02
-6.706469136144299625e-01
-9.874107789035239113e-01
-1.219546957262071241e-01
-4.634109302174826972e-01
-4.271034140290441150e-01
-8.569297057512681448e-01
5.769132109503902206e-02
-9.151783029936857439e-01
-1.592148828032607377e-01
4.284020749976875653e-01
5.016666868550162528e-01
-1.000000000000000000e+00
-1.692609169994366836e-01
5.242885176907019495e-01
6.211052976131543613e-01
-5.362694236339388132e-01
5.926257871574805991e-01
5.938036835574198591e-01
-7.646354363789854558e-01
7.153577420762368133e-01
-4.458018014184787492e-01
-4.371452676258256176e-01
9.959184268745024937e-01
2.449628179122633476e-01
-9.840511902522970367e-01
-6.577199621754677983e-01
-5.099644029788019672e-01
-4.450217638398803466e-01
-3.083423715171031976e-01
-3.463483748316257271e-01
-4.927023998785043379e-03
4.706006882018461956e-01
-8.597180823439874997e-01
5.742784716855919847e-02
-1.938909272539159623e-01
-3.927283753016317935e-01
-8.660376946473076487e-02
7.409282891315797093e-01
-1.984998185951714900e-01
-1.000000000000000000e+00
6.006490287260122241e-01
8.353618511942100255e-01
1.949287104299052970e-02
4.184172436197450828e-01
-4.471815277484292306e-01
-5.985908605495979806e-01
6.465461956997964332e-01
-7.116646438047884438e-01
-1.820341403466288754e-01
-6.992563890201253241e-02
-9.983304000650645715e-01
-5.864622499319043225e-01
5.807469762357677645e-01
1.000000000000000000e+00
-2.088809176897309383e-01
-6.331239379960671432e-01
-9.781940481472359838e-01
-9.394526387027223313e-01
-1.000000000000000000e+00
-1.000000000000000000e+00
-3.717287238419986206e-01
6.490065705773100380e-01
-4.573776595924152616e-02
-3.791904185953772627e-02
-6.594242774060484757e-01
-1.892981821292657463e-01
8.106346875451377887e-01
8.555160869055774553e-01
-4.667140555683975123e-01
2.052629357876704086e-01
-4.664379341994687178e-01
-4.848452245137710448e-01
-6.024723661715518652e-01
-5.446443809747254505e-01
-1.000000000000000000e+00
-6.467655263190338899e-02
9.779330913461590225e-01
1.411758725305418960e-01
4.741499580108673451e-01
-9.935411288367802796e-02
2.916489922131641488e-01
-2.742120015028434721e-02
-3.472799659733358801e-01
5.256495266965341973e-01
5.452062892761363466e-01
5.521033739209569857e-01
6.027457443964376882e-01
-3.850773431033637784e-01
-1.579358424065607502e-01
-8.240301443015309868e-01
4.449655012739102133e-01
-1.545038161929206677e-01
1.000000000000000000e+00
3.677866058329727905e-01
-2.228025932643835083e-01
-4.241506539610597759e-01
-2.391989162336072006e-01
9.542749132478445251e-01
2.757964175330446938e-02
-1.000000000000000000e+00
-4.182066032923544008e-03
9.631911553503835766e-02
4.761310142479890928e-01
-9.336277627310322069e-01
-1.253988213150012410e-01
-5.555482968804803523e-01
5.099035282299353433e-01
3.090312188736951127e-01
-5.974421994283860560e-01
-3.162590227921827785e-02
7.461643420643599978e-01
4.116700237148767649e-01
2.047356975915296529e-01
-1.723773390726640320e-01
1.000000000000000000e+00
1.000000000000000000e+00
-1.000000000000000000e+00
-6.777130414346331788e-01
-3.138258231345821825e-01
-2.484320961904682712e-01
1.000000000000000000e+00
-2.793858763362050412e-01
-8.430187584022825753e-01
6.390655641048469116e-02
-5.909145152974641935e-01
-1.000000000000000000e+00
-5.757225182045981882e-01
-1.000000000000000000e+00
1.756140615663523419e-01
-1.000000000000000000e+00
-3.642476168844149820e-01
-2.623731018955250405e-01
-1.000000000000000000e+00
1.512855955876949432e-01
7.445159443413963407e-01
-4.103817834547549559e-01
7.611369036266709687e-01
6.465104168931318229e-01
9.433991386158606662e-01
-7.596187035856516445e-01
1.000000000000000000e+00
8.330366089258962603e-01
-9.655463976502617895e-03
7.594932943929603164e-01
4.842278616330015217e-01
-6.814175180569937984e-01
-2.024218050869179830e-01
1.721198096248611475e-01
-1.151862044399276225e-01
-7.290895349624908484e-01
-6.991420450504692852e-01
1.716714447704189295e-01
1.000000000000000000e+00
-8.784727882485672268e-01
9.693446026164947993e-01
3.292591272291381377e-02
-7.542781000206010278e-01
6.054117464510189173e-01
1.592174262220419911e-01
1.007862891082337287e-01
-2.642604931730817008e-01
-2.269388156381326183e-01
3.825665508360658884e-01
4.833788114999603147e-01
-1.000000000000000000e+00
-3.165501047573318627e-01
-5.204768147224191344e-01
-6.236054194181979149e-01
-1.000000000000000000e+00
-4.371088476116707922e-02
-2.811019575027509099e-01
1.460814281209883714e-01
-9.517158438135415732e-01
9.621137164971744760e-01
7.613420279932887613e-01
9.883326964893452971e-01
-6.592414611463368601e-01
-2.213646762123038236e-01
5.991333560184485263e-01
5.282875041816009754e-01
8.092786408977327151e-01
-1.267014763680216205e-01
-2.936212576089606285e-01
-4.052009257315828394e-01
-3.194316709241288299e-01
2.869566728886615570e-01
-4.420576527025409375e-01
-1.936516731589226770e-01
-5.485411037099747755e-01
-5.617867459036441496e-02
-3.072525576337711284e-01
-7.365794128667231266e-01
-8.928575940999723404e-01
-8.374964108094710147e-01
-4.019845019506640971e-01
-8.914510886390887290e-01
-1.000000000000000000e+00
2.520302988590987781e-01
-8.523927475178005864e-01
1.000000000000000000e+00
6.053536848076457311e-01
-3.873778910624862126e-01
8.950628183103592761e-01
4.015396656608640202e-01
-5.742795208004244367e-01
-2.182157704915468621e-01
2.724646974612995320e-01
1.000000000000000000e+00
5.059323376814267581e-01
1.000000000000000000e+00
8.467661303510731763e-01
2.908126432271418982e-01
8.694676367223748148e-01
-3.762470371690638388e-02
-5.928839340175122707e-01
-7.890626877814526097e-01
-7.485391608856051260e-02
4.705998303495361190e-01
9.727598869886394661e-01
8.016234593631768046e-01
-1.308581351245732272e-01
1.000000000000000000e+00
-2.023349106832613709e-01
4.779727463549219846e-01
-3.897822759880054666e-01
-1.917851269720756147e-01
8.981860110713814072e-01
2.065346739901952611e-01
2.030766606892780712e-01
-9.654710187908217556e-01
1.349540147200860574e-01
-9.616416497923692130e-01
9.899362360800904037e-01
8.625164208815451206e-01
-1.000000000000000000e+00
-2.187648887733199266e-01
2.133051343111430909e-01
5.943281059576923653e-01
-1.111178741090079747e-01
-1.425550159136367845e-01
7.079258406828425887e-01
4.947461006413821361e-01
2.942095030945091616e-01
-1.297452716534930883e-01
-2.567755084291541978e-01
-2.172069662176973337e-01
7.562853879868549623e-01
1.000000000000000000e+00
1.000000000000000000e+00
-9.184564496010126922e-01
3.276557779959038408e-01
-7.113135808800152837e-02
-5.633785947772512737e-01
5.943250061586937694e-01
-8.441070333222709943e-01
-6.797987294026105465e-01
-1.000000000000000000e+00
-6.624834139000097544e-01
8.347252102559993281e-01
