8.452733163261799687e-01
-9.811700317619954925e-02
-4.441671486250775569e-01
-8.500613095267235408e-01
2.672325715280169378e-01
-1.963527958769369641e-01
5.414803366414419061e-01
-5.019619310430941672e-01
-1.239251748271575637e-01
2.690552794946263204e-01
-9.014924427867164747e-01
3.964393405016387872e-02
-2.708965369644804055e-01
9.161528203806483805e-01
8.219230196727728144e-01
-3.149619534171220203e-01
-9.546433017513658026e-01
1.000000000000000000e+00
-6.144038142491093923e-01
3.893198209867472781e-01
-7.281087285988932511e-03
-3.978259288657397530e-01
4.864193230174097549e-01
6.154120505950131381e-01
-3.647277324605270382e-05
-3.859878437374770765e-01
1.617861740859466435e-01
4.057682073709081294e-01
2.761138899702282323e-01
-3.654486758585363537e-01
3.334396939837626084e-01
1.000000000000000000e+00
-1.334597955699494132e-01
7.828248084380594607e-01
-9.640835798821485447e-01
6.203934729294384720e-01
-3.538319057577256066e-01
-9.048725795536443073e-01
-5.894342083353000528e-02
1.710420266519509513e-01
7.738990760558120963e-01
-3.878948249812305127e-01
8.277174013372315953e-01
-5.366893124490080824e-01
1.807016942884084876e-01
8.254815498081187197e-01
-4.678352739867156496e-01
2.018111899177966462e-01
1.000000000000000000e+00
-9.646996376021104158e-01
-2.572927848288307229e-01
-5.133120781962365875e-01
-9.286995552200153492e-01
6.850230815034594745e-01
-4.600864693752224621e-01
-8.781246556786026503e-01
-7.658467680885060469e-01
6.359431860699593653e-01
9.924777882537376694e-01
-2.392850802573274344e-02
-6.422189829629179059e-01
-1.000000000000000000e+00
-3.910475449509087098e-01
6.639959485495339209e-01
-4.968057411203396501e-01
1.244791422113145779e-01
2.634687581096568643e-01
-7.301295356031713979e-01
9.397630068161108574e-02
5.226081287699589628e-02
2.417734181126743598e-01
-5.767805717895857498e-01
-1.847100564287561808e-01
-4.830139967937601697e-01
8.845091193271134022e-01
-1.178692602689411367e-01
-6.907207177809254750e-01
7.206312496404988499e-01
-2.961428371135504389e-01
3.237828498295793056e-02
-1.007039903173321815e-01
6.911272626784661366e-01
1.796365509580330477e-01
-1.704177873723688730e-01
2.529289159330851411e-01
6.582973737487132215e-01
-3.421319942501221956e-01
8.628083925850104086e-01
-4.463185614224580711e-01
8.456584428045420265e-02
-3.223590185529124907e-01
-4.688503898850295282e-01
4.465643046853873810e-01
-6.883545027815786144e-01
-2.555090024228302559e-01
4.338012299610297662e-01
-6.771505674005782183e-01
-3.265315674000744406e-01
-1.000000000000000000e+00
-7.181672540384445025e-01
-4.986048568880084575e-02
-6.389959972309927627e-01
2.913398462216649776e-01
2.136580142053840503e-01
4.555178006212835529e-01
-3.656723457708490055e-01
-6.228980261863208412e-01
-3.041966294759798073e-01
-2.162683662617787550e-01
9.200901136635015742e-01
-1.122044666858396517e-01
7.172935093903648474e-01
-5.652999134599464570e-01
4.216877254008338793e-01
-6.615822664595009117e-01
-9.960740134661777434e-01
-3.815451572058125018e-01
9.451427019153866294e-01
-3.549874839694317497e-01
-6.228565171140352241e-01
9.993185673396284274e-01
-7.628677367747495053e-01
-2.455621986720560868e-01
1.000000000000000000e+00
-2.083192792531260162e-01
-3.703950032725537578e-01
-4.195602695125477122e-01
1.000000000000000000e+00
-1.000000000000000000e+00
1.394302888491414510e-02
9.889168583184015926e-01
-2.705786886585592188e-01
1.000000000000000000e+00
-9.712432652590797799e-01
-2.627115576992212764e-01
1.960320579065112298e-02
4.459142436861053826e-01
3.155185015285902339e-01
4.649857573145055323e-01
4.030702313709287887e-01
5.398923767142239649e-01
-1.000000000000000000e+00
-7.577947189698744923e-01
4.077073192875557694e-01
2.643766434846787639e-01
8.874340922858843239e-01
7.230244793303746142e-01
2.856712352175394543e-02
-1.029726033962458098e-02
-6.448089024224695764e-03
-7.752284570421734688e-01
-2.441310835158626291e-01
-7.395529117829402477e-01
3.239329477647768796e-01
3.364808957835476733e-01
5.338179583186914989e-01
-2.940156943127554268e-01
1.000000000000000000e+00
2.888146819296441015e-01
-5.788105996717661517e-02
-4.186842935989679715e-01
9.999990356411319059e-01
-1.000000000000000000e+00
6.578660631619390742e-01
6.719685634425025533e-01
2.716183406084319851e-01
7.132639220856795692e-02
9.487566029698188963e-01
8.672570637358791856e-01
-9.032466687240565673e-01
3.584556540855266538e-01
9.522176461865058950e-02
-2.760663122141128190e-01
8.651207931393942729e-01
-2.860043381608741164e-01
-6.004977375732212241e-01
-3.234283011918176465e-01
3.338937644449736508e-01
4.427272775161320562e-01
-1.000000000000000000e+00
2.803016412522118528e-01
5.275147979367182938e-01
-3.410097000888197560e-01
6.526676522038674655e-01
2.802143362267373039e-01
9.995091683333314769e-01
-9.889306547400664726e-01
7.176166473656465927e-02
7.679875533519405773e-01
-5.460195143220227809e-01
9.955353827327904082e-01
-1.290167565070139688e-01
4.747240826156106860e-05
-5.122361120118659183e-01
2.281767367372721789e-01
4.032379807855978049e-01
-5.458862071460055532e-01
7.325452202513158539e-01
-4.810157175558715803e-01
1.142727368514557806e-01
3.393229776117939744e-01
6.725898177852145388e-01
-8.868697203319236833e-01
1.000000000000000000e+00
4.379365890476244472e-01
6.662201131184755099e-01
7.073191396230293915e-01
9.975850944717215008e-01
-9.879089111073364737e-01
-7.692616011884673144e-01
-9.488933314232478322e-01
5.666777702136428507e-01
6.555204878274675240e-01
-4.936175924548736882e-01
-1.259488595345872319e-01
4.096243999207561659e-01
8.285046123119904626e-02
-3.969058193898482023e-01
5.906059095776117207e-01
6.220045054195673107e-01
-5.616659330187468990e-01
-2.077862160295016192e-01
-4.132520544524807549e-01
-7.874286092732035724e-01
2.315344013400025269e-01
1.377093581261919497e-01
6.148376888286134490e-01
-6.713057994165914089e-01
3.395885095161042533e-01
-2.356021204906776356e-01
2.282616263256345979e-01
4.302919143549417957e-01
-4.520589160452014310e-01
5.059167706347967863e-01
5.071749421882938424e-01
5.416891285880948148e-01
-2.724787044529419777e-01
9.819267280389496477e-01
5.794786832599037041e-01
-6.326150339449825299e-01
-8.443786731373952303e-01
-3.983756182584636818e-01
8.814504522577075729e-01
1.000000000000000000e+00
-3.800008697693096210e-02
5.073043937651617874e-01
-6.933267636909385967e-01
-6.437723386024384042e-02
3.601652720618686021e-01
3.446607945718414001e-01
-9.657620888404396808e-01
-9.091419100005793119e-02
-3.090612025238347327e-01
-8.728445432192249998e-02
2.806158423429239157e-01
-2.840397643313498643e-01
-6.534922814667445401e-01
1.394972341546137362e-01
8.802922260156507139e-01
3.763610322635027594e-02
-3.636497698319369198e-01
-7.896002515398590216e-01
5.085412859132169006e-01
-6.719661275114442722e-02
-1.819125395356995800e-01
