7.464942299379243584e-01
-3.054273060976970267e-01
-3.458264387787053362e-01
-8.657509072220738178e-01
2.879272919812161380e-01
-1.762084382628290036e-01
4.244910756502936477e-01
-5.628909899734181321e-01
-1.537522954926732188e-01
2.642084314209093288e-01
-8.987733848728307606e-01
4.150440771319023614e-02
-2.810703972738113343e-01
9.662733122126175855e-01
8.344636411480575999e-01
-4.375502393305885640e-01
-9.719514266655109314e-01
1.000000000000000000e+00
-6.476234831272478232e-01
4.029429432726646110e-01
-2.446362566862491372e-01
-4.557104270255970535e-01
-1.117256952148286409e-01
5.642888830218746321e-01
5.259118282620808826e-02
-4.046888162895941332e-01
2.684494481346720307e-01
4.528929436585391599e-01
4.190812388825875257e-01
-4.763776000651835929e-01
2.884193681131841380e-01
1.000000000000000000e+00
1.418721986633899035e-01
6.428091521501739791e-01
-2.486739055247105257e-01
5.640903473125628009e-01
-3.366778929607998072e-01
-9.481750617377588952e-01
1.321562274731943321e-01
1.417554652465460308e-01
9.502449635312946175e-01
-4.905606375152685716e-01
9.749647458244486975e-01
-5.211723513209398639e-01
2.764966724035992640e-01
1.000000000000000000e+00
-5.444485499649240889e-01
-5.683186570539510152e-01
8.799482973081597104e-01
-1.000000000000000000e+00
-2.622549613318145845e-01
-5.263330383886178909e-01
-9.251195983242390675e-01
6.874007766721372814e-01
-4.052634851640630753e-01
-9.385135646131198550e-01
-7.678497626813168830e-01
5.048610970417704014e-01
9.965807479748949316e-01
-3.623227813291129279e-02
3.007695042456298706e-01
-9.111948378495647871e-01
-3.835334178530880322e-01
6.686119390666021012e-01
-5.215728386236270220e-01
2.921722760190956572e-02
2.728370642798985113e-01
-6.528029996078966724e-01
1.288506927305070326e-01
4.172832224437324211e-03
2.468853961078985582e-01
-6.141089497792998619e-01
-2.548735211193211558e-01
-4.924441729271352708e-01
8.829882975228692255e-01
-2.256749313828853298e-01
-7.488359141408745812e-01
5.962982802605709676e-01
-1.833061333692256600e-01
-2.349347602365746412e-02
3.871782077180408455e-01
6.983531596584637846e-01
1.776705829366214129e-01
-1.647739568317889147e-01
2.533237669663088165e-01
7.343596032052880362e-01
-3.121445479280340884e-01
8.955752426372510788e-01
-4.475568254636637655e-01
3.851712668164846143e-01
-3.219933815688026391e-01
-2.259680292199346685e-01
4.171017658401153239e-01
-6.866031406622140620e-01
-4.466215869570264174e-01
4.853862823344470279e-01
-6.418038055133287179e-01
-2.797517334911562847e-01
-9.398748565558792123e-01
-7.001086119171130440e-01
7.251522550469754469e-01
-6.309810553978457692e-01
3.396417552670349949e-01
3.013029580829277299e-01
-1.676239603417325197e-01
-3.553783770077633131e-01
-7.269616023257086113e-01
-2.488953182264005137e-01
-2.207569549434519329e-01
5.175627143916299300e-01
-1.163452234835007371e-01
7.471507357780845515e-01
-5.533689821918557072e-01
3.901527095883572382e-01
-7.173651444292792334e-01
-9.530686434687209996e-01
-3.679602915996594281e-01
9.236666882112499755e-01
-2.117979316538860235e-01
-7.033216278201104288e-01
8.577111377630223243e-01
-7.657636607569014986e-01
-1.000000000000000000e+00
1.877163846722254559e-01
-1.268149065361419692e-01
-3.429452623535417244e-01
-3.795167998369668449e-01
8.494331209912291403e-01
-1.000000000000000000e+00
5.862273696553373450e-03
9.885946760302549707e-01
2.858200491822529554e-01
9.949217993140241356e-01
-9.765075129260949449e-01
-2.450030429088277117e-01
-5.595141969708873619e-03
5.090884988080287554e-01
3.142987582907204591e-01
-1.869021737053820909e-01
3.753822679742496726e-01
6.571096416194728285e-01
-1.000000000000000000e+00
-7.274369831806480891e-01
3.128360855892334813e-01
2.501821479635555900e-01
8.815151512197937356e-01
7.678659867545655215e-01
3.936517795435760525e-01
-5.056404563691398873e-02
-1.309349337978931924e-02
-7.760191553046429380e-01
-8.335601376934063944e-02
-7.375284031683957409e-01
3.295333058640800283e-01
2.382195039950918414e-01
5.269200695826619096e-01
-3.977444925700465705e-01
9.723847188288088361e-01
2.891785868381920310e-01
-6.094992162586103379e-02
-2.390004265056744626e-01
9.052432393450251524e-01
-1.000000000000000000e+00
6.338295679239687175e-01
7.868938631437996101e-01
2.700059995013671665e-01
-2.979195752314433079e-02
-8.867675946858106784e-01
8.812981621195026261e-01
-8.820344674231246351e-01
4.319230335226174611e-01
1.036707359126991662e-01
-6.804342916311145739e-01
8.650809410376936182e-01
-2.929663044107687631e-01
-6.510958829426513050e-01
-2.969216745787010558e-01
1.270008536686342004e-01
5.637240713077557031e-01
-1.000000000000000000e+00
2.707299464655306132e-01
1.110925380845428356e-01
-2.571514981947177203e-01
6.536448173174396192e-01
3.328521584972575220e-01
9.996704272295857674e-01
-9.886897482131176140e-01
6.973175078882312694e-02
7.078250460449778680e-01
-5.422118073113764147e-01
9.944822982962486790e-01
-3.523242784500495994e-01
-2.060009100528732151e-01
-9.104013601709676218e-01
2.115366097489658481e-01
3.845377857167063818e-01
-4.062540382775122749e-01
7.164766660139096910e-01
-4.972497277977976360e-01
-5.092675945765018364e-01
3.605757011548447744e-01
6.771092943683230114e-01
-8.824881258867225409e-01
1.000000000000000000e+00
4.082404526105143372e-01
6.683595544482310302e-01
6.957241466605772473e-01
8.230679266094884650e-01
-9.257169315730889858e-01
-7.687798699408439074e-01
-9.488904332131321562e-01
4.194196866698290393e-01
4.686870511152727570e-01
-6.732111437512520169e-01
-1.167679157342350199e-01
3.468674631530774821e-01
8.550816461248449130e-02
-2.163850725579043732e-01
5.912433179621231494e-01
6.134270544893649646e-01
-5.567968878271921662e-01
-2.153958125956632608e-01
-4.477452868386603835e-01
-5.389364559084788286e-01
1.196885319789106616e-01
-1.451434402353246889e-01
6.664374498108041056e-01
-5.841526662186203867e-01
4.399976958001579064e-01
-2.252853511080275539e-01
-1.048982019782056796e-01
3.469266247812797799e-01
-4.955700522427181065e-01
4.877328141712237164e-01
5.162516208404869245e-01
6.066506632856445425e-01
1.018281376767625479e-02
9.819673384216397460e-01
5.653275451909856031e-01
-6.734480116918485360e-01
-5.442993909641113959e-01
-3.849157446251047499e-01
8.843868999195420022e-01
1.000000000000000000e+00
-5.347632804053498168e-02
6.182185866503373539e-01
-6.858842994765598222e-01
-6.433620220078616059e-02
3.603789468039049759e-01
3.215909819833719929e-01
-1.000000000000000000e+00
-1.259101139959847848e-01
-3.077510074676701457e-01
-8.013387082338412071e-02
2.805996983689635904e-01
-2.573004594062704431e-01
-6.370178262942007841e-01
1.404077109028787629e-01
8.568424830321924590e-01
-2.009498430672366220e-01
-3.466347243882141882e-01
-7.870627354208421522e-01
5.122723336743453260e-01
-2.125283461085072934e-01
-1.926978232379345235e-01
