-7.841768387812707297e-02
-1.361891590393683904e+00
-4.795261374502771123e-01
-1.000268771618821606e-01
6.359780422746962036e-02
2.644571940103208618e-01
-7.889238221065841827e-01
-5.282246719035815774e-01
-7.964887344320364937e-01
-6.575923660561059370e-01
-1.835521129546808516e-01
1.711320831939570075e-01
7.190307029414267914e-01
-5.464096091767276508e-01
5.398483474335168397e-01
-6.128212957058885024e-01
7.674544926986350823e-01
8.954455330106909638e-01
1.804212014683319598e-01
7.990735582065158216e-01
1.977728905397213022e-01
-8.704326970224748883e-02
4.634290636950633147e-02
-3.989675230180330656e-01
-2.324500785199151709e-01
2.678161920778272531e-01
-1.291697279490073624e+00
9.729472215337098273e-01
1.058474512191075245e+00
4.053247855524126919e-01
3.627778254433737803e-01
5.171356580497886712e-01
2.058764988172770760e+00
2.931493778165880984e-02
7.288334823767865789e-01
-2.246025413805812221e+00
4.816013727028569669e-01
-2.148661514144403484e-01
-6.872612915967248881e-01
-8.365408277717536478e-01
-1.300957770022918847e-01
3.979513203720488335e-01
-1.210479789468295264e+00
6.147769461193761664e-01
4.148973216418331833e-01
5.232971208807006835e-01
-1.376384793048794686e+00
9.451585044806275482e-01
-3.724121832912601349e-01
2.468746891231238805e-01
4.628069064035836844e-01
1.024653929648534856e+00
6.368012444673478711e-01
8.844448038866853379e-01
2.861950452167953685e-02
3.400773712224963163e-01
-1.706948701963328041e+00
2.474374813823624897e-01
-3.790950140680037217e-01
4.030678986637243888e-01
-3.285909333330735982e-01
8.743022560938065735e-02
-2.584911064736968717e-02
-8.452270295684859436e-01
8.803405264158368215e-01
-9.923127569167428108e-01
-3.051051297311135890e+00
2.642282908765636873e-01
3.714099375867171426e-01
1.071804223233960018e-01
2.852538363233544233e-02
3.857825833604481280e-01
-6.882268033432001886e-01
6.732408841231357632e-01
1.455922137109346925e+00
3.503826623635042936e-01
-1.069166533846253930e+00
-9.164802860836878118e-01
-1.355432326597154694e-02
1.044402872737950211e-01
-1.817909374101628339e-01
-1.160550546105169500e+00
-1.844407177510450691e+00
-2.259911491413216234e-02
1.833771302193950778e-02
-8.204593725380360247e-02
1.040096945269509687e+00
4.039217057369388908e-02
-2.017702305005505264e-02
5.151915769176390603e-02
4.457863191104579070e-01
6.051442666581030583e-01
-2.320764149912323271e-01
9.563429222365021909e-02
7.002969980851280196e-01
2.316622882392896265e+00
1.128414764438982143e+00
1.981409394179776573e+00
2.600272173436811718e-01
1.920283206400480100e-02
-6.038126118988536017e-01
-1.972407617860097440e-01
7.961154128800440599e-01
-1.989375892196461604e-01
2.068025989700420821e-03
5.381180020525330038e-02
4.643313956832781364e-02
1.137913085147586933e+00
4.921334495478635329e-01
-7.049757387098403161e-01
4.432119080094874819e-02
8.426301473223581917e-01
-3.993307508495175934e-02
-1.062959541650919881e+00
-2.539974809098974884e-01
1.233021980571996634e+00
1.340595479878885221e-01
8.787396788409107540e-02
9.510190620253397009e-01
-4.742182933384490873e-02
5.012688769913484221e-02
-4.238757021332226760e-01
-1.287129875878537444e+00
9.065082689112977654e-01
-3.911941347559536042e-01
1.905360834038117689e-03
-5.338872271503360967e-01
6.189147563330082980e-03
1.316462111486385478e+00
-7.792876457079249419e-02
-1.732255964183126717e-01
3.126414006686979441e-01
5.539486498790582303e-01
-5.985075711218224015e-01
-8.287790025933015059e-01
-3.345346613782511636e-01
1.055721134649989512e+00
1.936277506189246100e+00
9.946910583575617748e-01
-4.571794749119880708e-01
2.107193446221916344e-01
-8.849610010308539554e-02
2.655398320754479360e-02
-4.031878454267300294e-01
-1.239875296007088464e-02
-1.807855336668963142e+00
-1.074676688324571888e-01
1.278610500707628939e+00
4.466750566516439203e-01
9.402383700120858778e-02
4.229606091163261583e-01
4.612233604337883097e-01
-6.587976858939517122e-01
-1.493606679310257590e-01
4.757006774247130032e-01
-2.487481686316005136e-01
7.542220390831364529e-01
5.914621396723198643e-01
3.873762542918419705e-01
3.053992575435260370e-04
1.615722263673866343e-01
1.734584784226088083e-01
6.982209028310551457e-02
-1.142108878917305503e+00
-2.593669367984521856e-01
-4.916995613620019356e-01
-3.986126283723581132e-01
-5.645319605345369141e-01
-1.291430461731850887e-01
1.541989919680077925e-01
1.759389598147086953e-01
-1.711375583446770876e-01
1.100375415275873514e-01
1.537510242875766320e+00
-4.822871890327253275e-01
-4.360443001892633230e-01
1.119037405382931061e+00
-2.945790629586876250e-02
5.831689279026371908e-01
2.718909721971290994e-01
6.000677268614094950e-02
2.431649521323991259e+00
-1.969290922626353579e-01
1.040718662721388243e+00
1.399029542799578585e-01
-1.865874468124703867e-01
2.034847726239915389e+00
-4.742700167773136743e-02
6.229325371297037561e-01
5.958200318778502647e-01
-4.127071938425120878e-01
-4.750565749754649403e-01
1.886192600531714780e-01
6.992892746299206319e-02
6.141589182807122987e-02
2.142441801752886787e-01
-3.146664509735038751e-01
-1.935052272199934142e-01
-1.594681861223977482e+00
5.951027748946895457e-01
-7.283887891386855440e-01
8.634626801526553708e-01
6.331798187129740185e-01
-1.803976775524656073e-01
4.219562220684276443e-01
6.351039589804217123e-01
1.478225172138598886e-01
7.023011602829949407e-01
-4.624982187515171150e-02
-7.525185537748585451e-02
-1.382817596637671453e+00
5.942340967176756861e-01
9.526359251360739799e-01
6.812730018876469451e-01
1.471565595640298874e+00
-4.969248158471946675e-01
-1.622795064720951030e+00
-1.837790458277295036e+00
8.471092096452351727e-01
4.918916859636082606e+00
-7.563448628214095582e-01
3.343926104704799118e-01
7.492490147855463967e-01
-6.012059421429786221e-01
-3.165310821878372094e-01
8.193749890064716546e-05
6.693417795182946550e-01
-2.132001326500715388e-01
5.282799932367001627e-01
-4.662178786230696814e-01
1.940272607720716636e-01
-5.384279580166759782e-01
1.671516611386787976e-01
-3.600025209146540117e-01
7.959501205335088869e-01
-4.147219953556529060e-01
-3.762678483714520516e-01
5.178995455643056189e-01
2.350938784179171237e-01
-6.423278798947535950e-01
-4.348648116486679704e-01
-7.725609315232825347e-01
-1.187022306169453145e+00
1.228113986768490651e-01
2.209022537687371557e+00
2.412727246718418539e-01
1.055807191855034688e+00
-1.544981806826519311e+00
5.523488714845232739e-01
-1.755851148264675476e-01
1.110067600680327615e+00
-3.891801196907789806e-01
2.170402808210255774e+00
3.923628290682161790e-01
-3.000598325854510473e-01
-3.008484070076066219e-01
-1.068520811613538957e+00
3.636037379599859065e-01
2.681040175631355105e-01
6.355256800519636096e-02
-6.298726970705751382e-01
1.113377212591488030e+00
1.163976347390502930e+00
1.013587548963202023e+00
-2.045771750432787139e-01
