1.000000000000000000e+00
-1.489042628699728810e-01
-7.826970252841274345e-01
1.230235275150907692e-01
2.507217163234407020e-01
7.478304894063902974e-02
9.871284457880646901e-01
-1.768820139728614071e-01
-1.000000000000000000e+00
-2.155944385143654385e-01
-9.174578527407746265e-01
2.856378863470527829e-01
-8.712278413463125926e-01
-4.086966094685907658e-01
-5.014960417174835206e-02
3.117592692894335937e-01
1.000000000000000000e+00
-1.000000000000000000e+00
-1.000000000000000000e+00
5.901423249659066839e-01
7.176263023432392085e-01
1.000000000000000000e+00
-8.544352579335778852e-01
-3.334236935523099410e-01
8.022105676161763732e-01
4.089310435576567482e-01
5.822036160115507952e-01
-2.253279308076752696e-01
3.346075347692622493e-01
-9.695156078896411955e-01
5.099355811475274614e-01
-7.738699142721684465e-01
-5.656449382098147627e-01
4.676873664841764144e-01
4.055470282757672740e-01
-4.863366217298386585e-01
-6.494872431650254851e-01
-5.243971556953861413e-01
2.203027776264367410e-01
3.749744969057156041e-01
-5.554684627963786259e-01
-3.299165842050321151e-01
3.532286320786501843e-01
-8.608293237004678300e-01
-1.559373996416216768e-01
-4.788140779493895716e-01
1.588236667651429790e-01
-2.416331128485621482e-02
1.000000000000000000e+00
1.940264391263771260e-01
1.875956293663487429e-01
-5.617609049725533765e-01
-5.642938857678130027e-03
-6.194243204353419019e-01
6.166900567452271442e-01
-4.360462708186493286e-01
3.190674796085371523e-02
-3.614612266337480784e-01
-7.181299670709879734e-01
-7.365957987095198001e-02
5.289187384951834492e-01
1.826231283916463499e-01
-1.000000000000000000e+00
-5.249474319972710079e-01
3.323063553362319844e-01
1.000000000000000000e+00
5.689557970174013990e-01
7.827499128316768306e-01
-2.495589093989799556e-01
-8.602335565996626077e-01
5.909927780039252176e-02
2.023306305544118611e-01
8.970100230120299223e-01
-3.469612864227215598e-01
-2.167689580027218343e-01
-1.000000000000000000e+00
-5.640898599426398263e-01
-1.792061439711760129e-01
5.245630130530524182e-01
1.445524887015377513e-01
-6.715422786708833414e-01
8.583149868779597069e-01
-2.552453766138465530e-01
4.730778084680868911e-01
1.000000000000000000e+00
1.413680416810390306e-01
3.840196814135444225e-01
5.135775766919534746e-01
-5.415833402451951661e-01
5.038632230698503189e-01
3.034151480681445689e-01
-6.914197750230436368e-01
-5.799927887804114945e-01
3.761767159919471304e-01
-3.759789047337095402e-01
-8.781549033841223872e-02
6.499235972860994970e-01
-1.114049853530489631e-01
8.611426542403438633e-01
9.305457694963278348e-01
5.421022793416788166e-02
-1.188780730629411808e-01
-4.820365436456383601e-02
-4.015829990146767003e-01
2.579256624108227092e-01
-6.120394250711530537e-01
8.458854054851361326e-01
-4.644742378732499843e-02
7.939470618971016247e-01
8.216705687729036756e-01
-5.795368672839144170e-03
-1.000000000000000000e+00
-4.716384259384404087e-02
1.000000000000000000e+00
1.068506366601551100e-01
-9.834399997663692550e-02
-1.077834134425358498e-01
5.173189745479127577e-01
3.665999869434881375e-02
-6.405167617803486646e-01
-3.139362612819066589e-01
3.558523688976854560e-01
6.374144704228408287e-01
6.417052862619371245e-02
7.170952055099750755e-01
1.902491313156822739e-01
6.612705725192487005e-01
3.486079182731151027e-01
1.000000000000000000e+00
6.619573169840389237e-01
1.000000000000000000e+00
-7.103923991200828958e-01
-3.258913905238399189e-01
4.035561793921385032e-01
1.085368112892865500e-01
-6.680835637041967479e-01
6.966660657691063907e-01
1.000000000000000000e+00
2.558030166409169248e-01
9.043061310187269775e-03
1.000000000000000000e+00
7.602794244259298839e-01
3.214204759977504766e-01
4.252771480623703249e-01
-2.706585970231166760e-01
5.478391221071878814e-01
1.080883780364898794e-01
-5.215719090675315917e-01
8.475203907687564597e-02
5.255390789605204893e-02
3.630257926230782139e-01
-7.927857457129064978e-01
-2.589189318404361284e-01
3.180870372252170286e-01
-8.777508839148939757e-01
-2.415260300007757710e-01
6.388108949416340110e-01
1.000000000000000000e+00
4.172548525755309656e-01
1.000000000000000000e+00
6.691755427647358423e-02
5.666601575021025239e-01
6.290306092273856287e-01
2.922829966215856334e-02
1.256279541863652982e-01
1.500576920957807925e-01
-1.775266855837688562e-01
-8.606102339098020693e-01
5.298546619373483146e-01
-5.857642589685105872e-01
-7.806877934759326454e-01
6.111499436039784516e-01
-1.000000000000000000e+00
8.904841531747454964e-01
6.398972942300482636e-01
7.059516259448618269e-01
-5.292957354786855806e-01
1.155444828496833831e-01
-4.172333200587203805e-01
-1.000000000000000000e+00
9.968552473713939710e-01
-3.443312121434994877e-01
-6.197836877129907496e-01
-3.767774196295947120e-01
-1.367411200474743516e-01
-1.744183961668201721e-01
1.853045801013672444e-01
-3.354686383476742639e-01
1.793394705908885056e-02
5.670570120418794158e-02
4.846339784221530000e-01
-8.197956873806051536e-01
-3.095538397780139145e-02
-5.104780816633459617e-01
-5.775451780057133666e-01
3.988429706842196998e-01
-6.852163633566279444e-01
2.537124879832618474e-01
6.156014307826822574e-01
5.065071726571012123e-01
9.971868286753894361e-01
4.214012225544445656e-01
-8.560176232323624124e-01
-2.401303423904271872e-02
1.987032672018876900e-01
1.000000000000000000e+00
1.000000000000000000e+00
-3.105817095803659611e-01
8.831723543003804355e-01
-9.678081380458911642e-01
-1.000000000000000000e+00
-1.636161541621366511e-01
7.604060960355453203e-01
4.552382423204573980e-01
5.610731110999739313e-01
-6.272810430831159412e-01
-3.934364941306232599e-01
-6.207496481842512959e-02
4.937920112201615863e-02
-8.897799185667298882e-01
-1.000000000000000000e+00
1.000000000000000000e+00
-8.355893578334128158e-01
1.535847752461160232e-01
2.536596924290996924e-01
4.065675744683928672e-01
-2.087082488697676319e-01
9.084585040791104404e-01
5.491908334529438385e-01
1.000000000000000000e+00
-5.864820218577303512e-01
-4.990677944001603028e-01
-1.000000000000000000e+00
3.836266572798809893e-01
6.607354110369617617e-01
1.000000000000000000e+00
7.719532867643359442e-01
1.151814341764919453e-01
-1.242662302663358198e-02
6.903707135134086181e-01
3.426612070177341707e-01
8.205318917384543109e-01
-3.369669823658061336e-01
3.091935058181332074e-01
1.806875284237194901e-01
-7.333176613902852026e-01
2.744220095553822625e-01
1.811814908977457672e-01
-1.056901915870928424e-02
2.593573008779045397e-01
6.374296569989236494e-02
-4.453149333636359231e-01
8.485899555882595591e-01
1.000000000000000000e+00
4.319310848123240065e-01
-3.267306434143863458e-01
-4.382476262134240019e-01
8.019168237918721243e-01
9.871425724054152528e-01
-5.053140375372959792e-01
1.749196867831161739e-01
-9.172319165527951235e-01
8.658649466138759188e-01
5.067944105527594223e-02
1.000000000000000000e+00
