-8.594232782935535830e-01
3.359703314637726423e-01
-2.178294762276987151e-01
-4.838380148707834838e-01
-4.437254091433363024e-01
1.109493943831252327e-02
1.000000000000000000e+00
3.695308263804256144e-01
-6.635407056073463483e-01
9.027101005687065971e-01
-3.435269001242309550e-03
-8.232506044300396120e-01
1.000000000000000000e+00
-7.753649334287826544e-01
-1.813307696825909310e-01
9.090105536471864145e-01
3.767575487101653131e-01
-1.283714246112611646e-01
-7.638871485221143676e-01
1.000000000000000000e+00
-7.397124564927192170e-01
4.115214935275681163e-01
-1.000000000000000000e+00
-9.699727292076931739e-01
1.996013229837359515e-01
-2.643133432758642543e-01
-2.298741530699069113e-01
3.338732246896831124e-01
5.658385258271539930e-01
1.000000000000000000e+00
-1.000000000000000000e+00
4.728771108712160331e-01
-9.759998663437736699e-01
1.072108094740281403e-01
-7.399739189609034762e-01
-3.620505601531771589e-01
5.607446858270993539e-01
2.964346459336696937e-01
7.411206608240666904e-02
-6.796910126569527533e-01
9.277841609498097553e-01
5.782694497534713457e-02
-7.263381116240716917e-01
9.397331833999574835e-01
1.000000000000000000e+00
3.685855525731749349e-01
1.645751707693685617e-01
-1.000000000000000000e+00
-9.175951673546322018e-01
-6.288355706828214764e-01
2.777938977231764750e-01
-8.720367243090456633e-01
8.448897051087544963e-01
1.000000000000000000e+00
-9.891157508779035989e-01
-2.823622664088373466e-02
1.000000000000000000e+00
-6.021471575668830845e-01
2.075895799676459597e-01
-7.652461414926195471e-02
7.437017519428085199e-01
2.292388640532727340e-01
-2.746606290098523306e-01
1.000000000000000000e+00
1.000000000000000000e+00
9.190183527796911278e-01
-6.868503875752926535e-03
1.670335915353358680e-01
1.000000000000000000e+00
2.329811662439912889e-01
9.206729677905112208e-01
4.077289182507855270e-02
9.246913272091908942e-01
-9.891836832463691831e-01
-1.105383988383364102e-01
-1.007205321144911403e-01
-1.484178260705961983e-01
-4.861443347582153351e-01
-9.316768489755568039e-01
7.407843283208424834e-02
-1.636204119713754457e-01
-4.434507762464970915e-01
8.879684499920842411e-01
5.269711742011822242e-01
-5.681442219541588123e-01
-1.000000000000000000e+00
-1.759369615171211265e-01
6.903738819977048302e-02
8.643107030055221518e-01
4.467512995832520484e-02
-1.832030669283804536e-01
1.002910852950593401e-01
-3.628051520928146090e-01
3.526668625956175251e-01
-9.483470037017158738e-01
6.440908816573139850e-01
-1.000000000000000000e+00
1.802694422693315035e-01
-1.000000000000000000e+00
-5.504829956780055156e-01
-1.000000000000000000e+00
1.632730509633707194e-01
-5.716483362572374327e-01
-9.091859794899533886e-01
6.520773918896165533e-01
-1.000000000000000000e+00
1.000000000000000000e+00
1.678970053937139939e-01
-2.625517171655173398e-01
-3.206544850619988951e-01
1.000000000000000000e+00
-4.169718108956761982e-01
-1.000000000000000000e+00
7.812883649129584995e-01
-3.582404181334541970e-01
6.341219765780085893e-02
-4.202971145533079822e-02
-5.108662878821322861e-01
4.264897161986393181e-03
3.349348348104385503e-02
-8.489961355558817147e-01
3.750567625970100960e-01
4.831243288510146394e-01
1.971853417065828340e-01
1.067279406867509550e-01
-1.512129142419731953e-01
6.142108001386605842e-01
-6.575765184677417885e-01
7.443318334766892974e-01
2.594235025090165792e-01
-2.153670527556351688e-01
1.000000000000000000e+00
2.127122501679520883e-01
3.174727886203108640e-01
2.215511395427941649e-02
-6.311019024041679693e-01
-1.736345727549323537e-01
3.533504981172150977e-02
4.004474804791771647e-01
-6.979977457526399531e-01
-1.270871846038496011e-01
-3.795569205241667854e-01
2.623495357951070583e-01
2.836426208950205627e-03
-9.894383304967657722e-02
-6.304626046095653802e-01
1.000000000000000000e+00
-1.883213842602313171e-01
-1.300618038395126297e-01
-2.248631870579223535e-01
1.588066050326143452e-01
-2.787633606214995341e-01
-1.968665470668519435e-02
5.679958945492439293e-01
-1.280961679666328956e-01
-2.464743547493988829e-02
3.843319980249885748e-01
-5.031514891073505247e-01
9.204428495048755376e-02
-9.115903369690139257e-01
1.000000000000000000e+00
5.113736376808197814e-01
3.631591356833696604e-01
-1.019977547420815589e-01
1.984005311735592414e-01
6.723521398632781310e-01
3.711213999248639261e-01
-7.019558600958536454e-01
1.377415982053231125e-01
-2.215274616392326479e-02
1.000000000000000000e+00
-6.516374804888185324e-01
-1.000000000000000000e+00
-1.000000000000000000e+00
3.952736109595090253e-01
-5.224986372571330806e-01
-5.710919626968836704e-01
7.765587161986422515e-01
-1.225390238998325387e-01
4.779343518639005833e-02
6.286146839776937112e-01
9.969777803625304857e-01
2.175205377637924875e-01
3.110068829948293700e-01
1.000000000000000000e+00
3.315597211539752509e-01
-2.438564962532696612e-01
-6.766179203830295918e-01
-3.517125303546606574e-01
8.678199155190399749e-02
3.011318825508626507e-01
-2.495418909730154344e-01
-1.592922935109033489e-01
1.000000000000000000e+00
-4.866385625248457192e-01
-7.356477033990281578e-02
8.089324146437368857e-01
6.527961791239267342e-01
-1.408758549953341710e-01
8.818171953007444275e-01
2.172136203258503151e-01
-3.639795911443841625e-01
4.900063684464038838e-01
-2.355117933806998853e-01
5.203017007769864533e-01
-3.710052536571392112e-01
3.267479958024065156e-02
-1.301317363233140123e-01
7.921089138040048327e-01
7.506244486053785803e-01
-8.237909611100677765e-01
-7.830024089822898992e-01
5.878145653134935200e-01
-5.955833893371885734e-01
1.000000000000000000e+00
-2.676759949580470588e-01
1.000000000000000000e+00
4.853938424639583360e-01
1.000000000000000000e+00
-1.000000000000000000e+00
-3.683049695367057730e-01
8.645196575351457025e-01
1.000000000000000000e+00
2.687921776886128544e-01
1.000000000000000000e+00
-9.072083750152630799e-01
-6.974807606915248703e-01
1.734236376655615419e-01
1.701242437935442386e-01
3.002380889047804313e-01
3.510972910130001345e-01
3.049933863938980583e-03
-1.072134067193030171e-01
5.563667227089497125e-01
5.914226810695588643e-01
-6.336183221529869680e-01
-8.989003304515984505e-01
-3.692352977522991297e-01
-9.449836157691048344e-01
5.862441257997093313e-02
-7.469899557152749614e-02
-1.000000000000000000e+00
1.000000000000000000e+00
-1.000000000000000000e+00
2.424640598403243197e-01
-2.352220530877625060e-01
-2.398588825362288346e-01
-1.000000000000000000e+00
5.422086340112821645e-01
-2.863385979170400275e-01
1.000000000000000000e+00
-3.920317430576826245e-01
4.874017482962033077e-01
-5.825028156532921497e-03
-1.000000000000000000e+00
-7.774268026124925290e-01
1.000000000000000000e+00
-1.000000000000000000e+00
9.342608982541229512e-01
9.832353977864003447e-01
-8.441477240716381836e-01
-5.777972301715597059e-01
-1.312735975780894293e-01
-1.000000000000000000e+00
4.320179638105278164e-01
