-2.948136168862989376e-02
-1.779166716818752492e-01
1.000000000000000000e+00
-2.632591371288373061e-01
-1.000000000000000000e+00
-3.616356652299407282e-02
6.426969277385535806e-02
3.567690852696475678e-01
4.003717228689664953e-01
-5.478448562505307956e-02
4.526271499013233557e-01
5.289055446176946923e-02
-9.641601949686836592e-01
-2.840009588692189446e-01
2.414951606192336786e-01
-1.000000000000000000e+00
-2.340531798150603804e-01
6.416529972806669924e-02
1.979823466266048548e-01
5.039103967172900989e-01
-1.376262069902076113e-01
-9.967799490108807392e-01
9.965561197330747856e-01
-6.979445107786108604e-01
-1.509635156220571761e-01
-1.791391802289264423e-01
2.804929015864585096e-03
3.183812554636980541e-01
8.318236761857777939e-03
-2.542563268936981480e-01
1.462522059803427477e-01
-1.521471446212989131e-01
-2.748200032535162984e-01
-4.914655980324557083e-01
1.000000000000000000e+00
3.712519122286243867e-02
1.000000000000000000e+00
-1.000000000000000000e+00
-6.645510238276002291e-01
-2.395875387173781457e-01
-7.009008268827682242e-01
2.310998006731186105e-01
-4.290247570279493994e-01
1.737463614907868714e-01
5.680569514130749953e-01
1.953327290056972032e-01
-1.000000000000000000e+00
-2.809549521698250785e-01
2.316299613852423889e-01
-5.130412662883371278e-01
7.936541495713575478e-02
4.396293929200701389e-01
-3.071118618590794602e-01
-2.424340774509979313e-01
-4.029969144763229094e-01
-2.412367799415927605e-01
-3.235878102433908943e-01
-6.004146271368986376e-01
-4.938026716225744073e-01
-1.000000000000000000e+00
-4.298576354350024942e-01
-4.904289071772858222e-01
5.015439063463500435e-01
-8.083973736849868474e-02
-3.250233552123784481e-02
-5.095240878360032255e-01
-3.786767219612103275e-01
-1.449109858111570504e-02
-3.234756329638243111e-01
1.257400445948770318e-01
-5.890918229395185612e-01
6.813290971122487605e-03
1.000000000000000000e+00
-2.593271628760969172e-01
-6.324661263778006415e-01
5.527492953878762605e-02
3.605703289776256981e-01
-4.499773403088568879e-01
-2.550246683156563998e-01
2.330815990982912644e-01
4.244483492605393149e-01
4.925612584656959281e-01
-8.706292525217089739e-01
9.525740455639295501e-01
3.152648609468677865e-01
7.523371942297256698e-01
7.360607813036796898e-01
-6.474840785777903618e-02
1.000000000000000000e+00
2.918172642483958246e-01
1.322099687130401380e-01
3.294813490945545098e-01
-7.095161882145651910e-01
-6.070617046306544529e-01
4.453746421524900634e-01
5.234231654192365024e-01
-7.075966224351782907e-01
-9.253876728447354427e-01
-1.000000000000000000e+00
-5.060460339921688533e-01
-5.661351266701630802e-01
1.000000000000000000e+00
8.372528679190578416e-01
9.895164589177917192e-01
3.716826623023055665e-01
-3.843483940997277637e-01
-4.243240013378685171e-01
5.746167334005518323e-02
-3.067357076720769737e-01
-5.291076506885568076e-01
3.427023495791771124e-01
-5.309324523704023191e-01
-7.922462314324729693e-01
2.794430487015147069e-01
6.634096812494287843e-01
2.095193508577386510e-02
4.353261380379889744e-01
1.191912559822722317e-01
2.941905358574450902e-01
-9.884989242402755227e-01
2.616633452709420937e-01
-7.353458556059546680e-01
-7.827727793712793147e-01
-1.000000000000000000e+00
5.579662197369406051e-02
-5.206062810945303321e-01
1.030593247227536424e-01
7.491485031346146739e-01
-7.276502684117194808e-02
-1.678030550663266451e-01
-9.321708849796809249e-01
-9.188399363290930544e-02
-6.144975122707407866e-01
-6.910912554263175522e-01
3.778343506178594158e-01
7.882478523107230295e-01
-1.000000000000000000e+00
-5.799188958466856558e-01
5.215245533424636148e-01
1.000000000000000000e+00
-3.515218421920818237e-01
4.714833157100712518e-02
-1.000000000000000000e+00
8.315367037881507550e-02
5.778222757190015074e-02
-3.967310773103672750e-01
-2.585681702139358551e-01
-7.147292272736468499e-01
4.101897769133680538e-01
6.473551599727170869e-01
6.192067634196894987e-01
7.076690130001804524e-02
-1.000000000000000000e+00
9.739304022237205150e-01
4.188383087491356904e-01
1.642336349033461929e-01
5.304290777018887404e-01
1.385804873409709863e-02
1.718630142315746845e-02
6.340687137832292652e-01
3.752572851426196898e-01
-7.637832019817952789e-02
-3.500681656655317830e-01
-1.200599498803939236e-01
1.508581535648775285e-01
8.493420675242406848e-01
1.000000000000000000e+00
6.380077467616540599e-02
1.000000000000000000e+00
-9.451482128308021924e-01
1.894807622335556996e-01
-6.548943190356335542e-01
2.865915622828918430e-01
1.094799391495235308e-01
-6.203875363873294357e-02
-1.240275937490848274e-01
-5.473300494359423229e-01
-4.484782982250888339e-01
-4.648207377861325595e-02
8.819342831347015688e-02
-6.395315291451465767e-02
-8.775772984032738089e-01
4.207802797501600800e-01
-8.582283583459424450e-03
-8.371793771589364219e-01
-3.239321443450087767e-01
-1.801159721324061547e-01
2.021537610928680895e-01
-1.000000000000000000e+00
3.373728257082648785e-01
6.888232778293952308e-01
-2.448124983444624481e-01
-6.453460545251809011e-01
1.000000000000000000e+00
-7.511584153016137577e-01
-3.014136552238548192e-02
8.366590841317913529e-01
4.425220877685555332e-02
2.460377865956440979e-01
-1.369339880052347636e-01
-6.863475308509436879e-01
4.096899732619796453e-01
5.440393690435473273e-01
4.850312239256854285e-01
-7.649034577694011627e-01
-7.780185327803229578e-02
-8.672724134313439803e-01
-2.193468950120393557e-01
2.391465806205240463e-01
-4.353019427160462196e-01
-5.774517699187425857e-02
-7.188587823377884378e-01
6.265268131969363719e-01
2.567863593518462384e-01
3.052539878259687978e-01
-5.752370406085757226e-01
-5.757912176966069051e-01
-4.667835769848835969e-01
-8.481804425724318586e-01
-1.428134114468273819e-01
-8.533598606881038773e-01
-1.000000000000000000e+00
-4.558030913528893779e-01
3.971110240143572723e-01
6.216055687966422216e-02
-3.217847447161400476e-01
2.312936159799408031e-01
-2.669763730200741536e-01
-2.611748601521829416e-01
1.668881180105051265e-01
2.334334628105063925e-01
4.481769361587120692e-01
-3.110655543507595544e-01
9.628356996896479669e-02
8.099724736393520974e-02
5.523207131065995812e-01
-5.333574733170960425e-01
-8.034197978505030341e-03
6.282089625885858286e-01
7.655502336054642587e-01
4.835864512577633390e-01
-3.465262457395322793e-01
-5.563617779734926494e-02
1.000000000000000000e+00
4.733343920945011774e-01
-4.524084043600539173e-01
1.000000000000000000e+00
-6.535802129381790282e-02
-2.158279424826576864e-01
-4.378109204310476343e-01
-1.000000000000000000e+00
-9.460901617672066166e-01
1.000000000000000000e+00
-4.517528072821481722e-01
4.579348676553723907e-01
-1.000000000000000000e+00
4.176527336278627600e-01
2.309015462653149775e-01
5.479670948412510567e-01
1.993710086255315872e-01
-1.032716183579122093e-01
1.000000000000000000e+00
6.789270998938298218e-01
1.575116144308062460e-01
5.731153340177121969e-01
