-1.598922294357806528e+00
-5.632569160307008271e-01
-4.226043443644256770e-01
-1.561267028645935584e+00
-9.389567530782552129e-01
-1.872871651879919330e-01
4.851557794837710880e-01
-4.668340758306395166e-01
8.223434821313360121e-01
-2.715595581001497560e-01
-3.756646734734567228e-01
-1.432841213951941750e+00
6.849678863678584917e-02
1.360433103074737970e-01
-4.927690994583926454e-01
7.359488488013063989e-01
6.100493688552252047e-01
9.271811797551492151e-02
-1.459652225728760744e+00
1.624997814707345445e-01
3.090564152840715728e-01
4.749600977372392396e-01
7.443380057162806152e-01
-1.772697908706338810e+00
3.488736870229531273e-01
2.089410017958222010e-01
2.415399856274417709e-02
-8.563819174223203934e-01
1.060610949603060460e+00
1.890990177318324639e-01
5.540623066600084412e-01
2.351184407929133580e-01
-1.282077584043796126e+00
-1.420441731785025974e+00
2.958236471149248148e-01
-4.936083439209959511e-01
-5.214963553886995395e-01
3.107676194002865211e-01
-5.386832322221696279e-01
7.570046063798818725e-01
3.248257326281213109e-01
-3.675755528094772906e-01
1.220759828335698655e-01
-8.596873051295990109e-01
-6.387214735539111787e-01
-1.206046301465902193e+00
5.663315884605545358e-01
-3.333268250170853819e-01
6.728813962898229084e-01
3.445499168581003246e-01
3.786569637284921130e-01
-7.267943348279046756e-01
-4.185843961518645462e-02
2.708064555574517529e-01
-7.271831686756040636e-01
-5.746862920354742776e-01
-1.344643532228271265e+00
8.196342450254132661e-01
1.410361072363676804e+00
-3.034169271673922141e-01
3.321555748213760317e-01
-6.802684668917883259e-01
-6.982973742358306035e-01
-7.090330887557694250e-01
7.313948305880638712e-01
4.490774287671593923e-01
6.205444614225529287e-01
-9.163094641151671160e-01
5.719302116088191834e-01
4.600512316893513171e-02
1.267232786209485651e+00
-4.592516330514978540e-01
-5.304727323370496128e-01
-2.655839568967317821e-04
7.560954865011114689e-01
-7.421946188396698618e-01
-9.896379046550658476e-01
1.454406045122060356e-02
-3.046748148240781551e-01
-9.683216389979985017e-01
2.987789051306122268e-01
-1.149132973669568125e+00
-1.444437899623249866e-01
-4.191573560092916040e-01
-2.936543406995112404e-01
3.520925392699694734e-01
-2.329171730954071040e-01
-2.154375268861887793e-01
5.485120995253636722e-02
8.606257477746254159e-02
1.156242241782085456e+00
5.076225961725029379e-01
-8.342900388245551024e-01
3.116098424079265516e-01
-5.804496634015872125e-01
-2.167641610863858315e+00
6.539476158629269065e-02
-9.938098334494654962e-01
-3.086508840974055423e-01
4.540801725526839028e-01
-8.611327020598293913e-01
-4.335658393499856045e-01
-1.184201435937337621e+00
-1.185092608850568108e-01
-6.331405323077380354e-01
-1.902385969424222611e-01
-8.726666929795650063e-01
1.989135630873979932e-01
5.834514133600551128e-02
8.879578988252521121e-01
8.879690876886424666e-01
-4.557827708586975612e-02
5.070171342641105472e-01
-8.583629984758154308e-01
1.085080191825315843e-01
-1.112215401284784910e+00
-5.722595098941234415e-01
-1.792274181017281254e-01
-4.181419871899442753e-01
7.793937658766625365e-02
-2.700132355892209124e-01
3.652649242091366433e-01
-4.354016141491695580e-01
-2.152662306049365482e-01
1.677228831705651901e-01
-1.442699585497919879e+00
9.374465482243017345e-01
-2.855526931330493873e-02
7.888936150787835277e-01
2.762774622374105649e-01
-2.213224862810124094e+00
9.534440775357372333e-02
-9.725876326281616135e-01
2.563132837106850137e-01
7.534105217594655457e-01
1.705879540125567750e+00
-5.329654382203534713e-01
-6.889557547306834895e-01
-1.135393176423137307e+00
1.306022579074252565e+00
-1.275994329971612273e-01
-4.206150112430374899e-02
-1.299077206892977343e-01
7.626253549248606101e-01
1.120057032759053994e+00
-3.262565754791078021e-01
6.713092720342137554e-01
-4.604943768046774327e-02
4.961210496665917624e-01
-9.401433333220774458e-01
-8.934540727466585563e-01
-8.338505425009146155e-01
-2.919762841461965297e-01
-6.916194780699194133e-01
8.352697225923260138e-01
-1.739794723811737276e+00
1.090185554009211799e+00
5.293656216586728469e-01
8.400806633934115863e-01
-1.156864722769476383e+00
4.774900924313597028e-01
-3.595155077212231487e-01
1.098088343257833943e-01
-2.105787376283080881e-01
7.334350708816932407e-01
7.420533602150289343e-02
2.007852805415779596e+00
3.808164061282259261e-01
1.879528096106920065e+00
7.701541369904176815e-01
1.119967584185128429e+00
8.576257715302437745e-01
9.639873677700446786e-01
1.837240519806645933e+00
-2.913121756639566740e-01
-3.840919450123775336e-01
-5.199353268957257468e-01
-5.571615639524645225e-01
-2.646297526942971157e-01
4.679425534079457716e-01
-6.247870033484763663e-01
-6.141948724557960704e-01
-1.242293552926508671e+00
2.137624536005691966e-01
-7.292507033076552903e-01
8.812007621653097922e-02
-9.448219325253861545e-01
-2.880475245090243219e-01
-6.458360917366712250e-01
-1.709261934861898258e+00
-1.134466271412925276e-01
5.538456607670928511e-01
1.220205588010020263e-02
2.035559327138344171e-02
-4.741800113904949265e-01
1.366633848215054181e+00
-7.096787897484462260e-01
1.950794420712065325e+00
3.695686859720400674e-01
9.859415584252185782e-01
-6.951625036607125274e-01
-1.727177278223300180e-02
-7.960241739710979814e-02
1.065154062195687867e+00
-6.491889074189298448e-02
-1.126651985231505587e-01
-5.998118090870303148e-02
-5.244680283109073304e-01
-3.307471282799272494e-01
-7.633024969854864672e-01
-1.204502909853795156e+00
-3.691043422086093817e-01
3.909115394884969397e-01
8.986566039089998181e-01
3.091670067374916009e+00
-3.010512390504013758e-01
-3.075226108332883568e-01
3.408441691464358381e-01
1.299791850691539796e+00
-3.557624326205201248e-02
-2.748037880570267655e-01
3.230327892993390404e-01
-1.281003199759191413e-01
9.932281162280067743e-01
1.006918309205398376e+00
-3.743545567693520315e-01
-3.088523153141667019e-03
2.906190085616797703e-01
5.460896326162409942e-01
-1.121737246631889118e+00
1.550173829218389199e-01
4.508022864878871161e-01
-3.143087208881388261e-01
-5.949019527328694434e-02
1.466249881955996148e+00
3.654305703357967894e-01
-1.482464381970061140e-01
-1.374195417014222098e+00
3.156010678781801637e+00
4.715730209985253829e-01
2.666944470207174955e+00
1.249780363721918058e-01
-6.739948671090169319e-02
4.036057350040651581e-01
4.306733955068510200e-01
3.143719645010950026e-01
1.412543879693383353e+00
4.166542541966885560e-01
-1.223008472174827166e-01
9.979917453202794553e-01
-3.239956246842126686e-01
7.710235525955594360e-02
-9.492983320617653931e-01
1.491410795786642929e-01
4.887746200369815774e-01
-8.574008057038753350e-01
-3.045677234820578505e-01
4.204244666417800147e-01
-1.005119864264431284e-01
6.125365732806463404e-02
2.837869884537947973e-01
-6.706630974791215616e-01
5.996885123538362450e-01
8.958291257257497975e-01
1.430933187566862663e-01
