-2.122830523545429227e-01
7.713445382128009120e-01
1.336487229394277554e-01
-1.000000000000000000e+00
5.057040284763083537e-01
2.952162789280217692e-01
-7.812519276022912296e-01
-1.565236741722416391e-01
-8.057044634525585280e-01
-2.898402102510412304e-01
-5.793856421443760452e-01
-5.759927380070839487e-01
9.370498889612153270e-01
-6.002198191693474127e-01
5.882260130791376884e-01
-1.000000000000000000e+00
-7.291370092994340357e-01
-7.901460586035922995e-02
9.546685498493062694e-02
3.293887458777583488e-01
1.734695878039894945e-01
-3.473546509827671880e-01
2.165582437558847828e-01
-2.752350049400704157e-01
-7.708259765816639630e-01
1.000000000000000000e+00
-5.630691029868492015e-01
-5.558065789150976599e-01
6.643451456591019655e-01
-4.851630471006820322e-01
-2.184741759461555910e-02
-9.978489776218548712e-01
9.748655199847906794e-02
3.837930480289285518e-01
-2.068481747465129028e-01
-5.623500674334152016e-01
-7.860877754351938140e-01
-6.062733790830421299e-02
-2.217565506500395189e-01
8.942981579536538050e-02
-6.190022267416106505e-01
4.038492439020757718e-01
-1.000000000000000000e+00
-8.047493535599608006e-01
-4.985838451656617737e-02
-2.536318432319246696e-01
4.219397436812010738e-01
-4.760540668985667190e-01
6.211053670292723816e-02
-1.050117659522551844e-01
9.184836087125426429e-01
1.118136621722059382e-01
5.870957738903010981e-01
1.443046335202972374e-01
4.213770980163442648e-01
-3.954572334684824386e-01
-8.191099117685488595e-01
-8.726992732413004772e-01
-5.199942214405918195e-01
-1.000000000000000000e+00
2.301284538481986608e-01
9.006327886945910688e-01
-6.165144293645602458e-01
-5.025741113097069446e-02
-5.461383395698733434e-01
6.009813590756787893e-02
7.991667178942871708e-01
8.266201918839242158e-01
-6.140262259373105991e-01
-4.027035230571738289e-01
-8.032754229306273697e-01
-6.016633453305707258e-02
3.187716724034290738e-01
-7.320112340828903719e-01
1.783472586462739873e-01
4.122395121110770666e-01
-7.093857943102339636e-01
4.960924532732360337e-01
-1.203238210629403032e-01
-1.000000000000000000e+00
-2.659639825479958031e-01
5.066711064591463698e-01
1.253419997414593479e-01
3.351960527674814339e-01
4.335120656456517563e-01
1.000000000000000000e+00
8.395820988768446513e-01
-6.615486555440521776e-01
5.485582171134821827e-01
-7.998120128131279705e-01
3.221452895054029431e-01
-8.122536586815097825e-01
7.019604587403306395e-01
2.113233245816574513e-02
5.468742616701510739e-01
-6.996259116911115461e-01
-4.304826192457010814e-01
-9.847733556684403755e-01
9.515375502633804938e-01
-4.187927775294990607e-01
9.986906888905875412e-01
1.622134096898770195e-01
-2.259459910349847500e-01
2.318068417270135462e-01
-6.725066247802519159e-01
9.663431052163617974e-01
4.846854996940010984e-01
-3.441673460505364490e-01
-4.125462307662146055e-01
-1.815845348820387395e-01
5.859390402214315063e-01
-5.843462616871928361e-01
-4.269881278969907962e-02
-8.795231565225818393e-01
-7.612829286507237780e-01
3.278203199169214543e-01
-7.066372515442418401e-01
5.758033154858531455e-02
5.228657643318003201e-01
9.568261107759723494e-01
3.095311379100547655e-01
-7.759723434743952541e-01
4.067981253024264832e-01
-6.238488721694237515e-01
9.908217174789443749e-02
-4.766526369385770678e-01
3.962454287386547869e-02
-7.431103711329885009e-01
-4.973531160111940297e-01
1.371590897384584729e-01
4.154588062197328013e-01
-9.940425917085715657e-01
-6.212276802551152111e-01
4.175420274953063893e-01
8.256888366117404177e-01
-2.390231513921561857e-01
9.971362839540998113e-01
-3.776815905076765789e-01
4.788343418055246992e-01
-5.270120871913269722e-01
4.963724253828266653e-01
-1.000000000000000000e+00
-2.899341880083183831e-01
2.614607660114741661e-01
6.704305443292274402e-02
-4.425189337832354797e-01
1.163138587778549671e-01
8.211650702930824997e-01
-9.971493890462728160e-01
6.764237286302370311e-01
-4.709179478931729834e-02
-6.712585453856552142e-01
5.008828956036780466e-01
2.603884817044789246e-01
3.304404331242311033e-01
-9.718516988331602491e-01
-1.775047721349925500e-01
9.278802172087925459e-01
7.431935984351214497e-01
8.273540548975755193e-01
2.731274901864130800e-01
-3.155636040573145396e-01
2.139949337978047095e-01
-6.256921241022681546e-01
-4.264821443480887320e-01
4.550200618831757859e-01
3.159870771242172527e-01
4.782551038435426949e-01
7.397707307400289700e-01
6.525167762549911876e-02
5.973915094784395391e-03
1.038886915952015599e-01
9.671548371468454697e-01
-5.922242637652017638e-01
-2.892657759974623377e-01
-8.750355616342847531e-01
4.330480556304497353e-01
-4.085178063697814110e-01
9.480285309318596809e-01
6.668586924126740367e-01
9.459207336052222193e-01
6.444391337948847109e-01
-2.476927503532170283e-01
9.461648190356856114e-01
-5.423961933045627903e-01
-1.622622290654481825e-01
-9.951338492459550489e-01
7.192006463888089840e-02
1.011772654168998642e-01
-1.197515578824056154e-01
6.595949579383146855e-01
1.975077739119150411e-01
-1.619786394486069925e-01
3.103768078416472842e-01
-5.439155556243280287e-01
1.479825032364798509e-01
-9.412472998933469892e-01
-7.839230013883762005e-02
5.816793244585559686e-01
-2.789633221585586798e-01
7.233629385433959502e-01
-4.765645423937633907e-03
-1.191472098241971311e-01
-1.325045876968077019e-01
4.835178935952509915e-01
1.809680466274123795e-02
4.811564362556941532e-01
5.800945303569624012e-02
1.567093924892682955e-01
-1.000000000000000000e+00
1.420816457252709608e-01
-7.913429461137612420e-02
-5.469084681901698053e-02
5.774205183870344538e-01
-1.971653400202633688e-01
-6.604442250074263887e-01
-9.648212458137436776e-02
2.633823611712988733e-01
2.496352734957150987e-02
6.047612001157994799e-01
-6.821584024457464368e-01
9.457811361884752022e-02
1.224173431148688207e-01
8.207727295479059215e-01
1.544797004440902066e-01
4.560681194449819897e-02
-2.635246389438875569e-01
2.438805841215993253e-01
4.162393493590638704e-01
-6.737589107754111684e-01
-8.073329597940368529e-01
-5.890040588929722487e-01
7.352893996153647693e-02
4.809196153210438807e-01
2.008043869703270493e-02
1.000000000000000000e+00
1.683258620806259431e-01
6.619884654119977396e-01
-8.321650440947678806e-01
-2.384138840975331686e-01
-2.438706750640627086e-01
-5.693362320300705548e-01
2.722173718953847521e-01
-1.115563790994426180e-01
-5.908599900719653242e-01
-7.460286746141350234e-01
3.906378373161289996e-01
1.000000000000000000e+00
2.503890366018681757e-01
-8.736513655959394775e-01
-1.000000000000000000e+00
7.797304349646424493e-01
1.577097225913796918e-01
-3.310559700752161438e-01
-4.392538644882489907e-01
-6.852351562105362115e-01
-2.208464916928482014e-01
8.144688909877648708e-01
-7.616824127699367564e-01
-3.133227105185938666e-02
-9.970522527017147141e-01
7.215555178008206116e-01
3.578787400477642100e-01
-2.067808793032629711e-01
6.106232899144601323e-01
