-2.067575987801956727e-01
7.596790949300363804e-01
1.344753957365746877e-01
-1.000000000000000000e+00
4.964560793079769718e-01
1.342476505804894582e-01
-1.000000000000000000e+00
-1.778889226057231432e-01
-8.395191309743552655e-01
-3.499825274110545115e-01
-5.877922227180185644e-01
-5.344304291100046012e-01
9.871935384284644677e-01
1.962562277559179447e-02
3.465772449355224993e-01
-1.000000000000000000e+00
-7.429840641125434741e-01
1.888128592897665714e-02
8.154160294625063810e-02
4.302914085735136673e-01
1.635142875795208561e-01
-3.615989165765721713e-01
2.114010968645918531e-01
-3.309996267007906390e-01
-7.833141730528823121e-01
1.000000000000000000e+00
-4.999399862791389926e-01
-5.776859699935236181e-01
6.233377625790931242e-01
-4.845102215579021321e-01
-5.498000834765003064e-02
-9.918576513531679462e-01
7.797753007376861945e-02
3.750655559808145356e-01
-1.842541429446568901e-01
-5.642628055083580563e-01
-8.026885241701043894e-01
1.143656448425510036e-01
-2.899202369242007138e-01
8.725223718320222754e-02
4.415753586613598292e-01
4.132369541898293086e-01
-1.000000000000000000e+00
-7.847145991098298801e-01
-9.389240951752672038e-01
-2.594192781068067055e-01
4.169100453978443754e-01
-6.369865877363967144e-01
-6.013858399161983032e-02
-1.048998955852171733e-01
9.201749010539433948e-01
1.097937303041871537e-01
5.687941051876701515e-01
1.577704449129199993e-01
4.194410341365861772e-01
-7.222892798594242603e-01
-8.501092996045425121e-01
-8.843027503091464014e-01
-2.944529341042795845e-01
-9.589343358833217756e-01
2.202963146764739255e-01
9.131068498295462632e-01
-5.817707633748022689e-01
1.000000000000000000e+00
-5.441376356195543051e-01
-8.155410816463645185e-01
7.979070461355900479e-01
7.311682932075065366e-01
-6.019090902648941421e-01
-4.045657825029024268e-01
-8.547561455459647961e-01
-2.403656328375692874e-01
6.127648070755710163e-01
-7.535810605302880605e-01
1.711217562259232106e-01
6.882303683997420540e-01
-7.507511199218237508e-01
4.942137853433168915e-01
-1.211222065975437467e-01
-1.000000000000000000e+00
-2.952786117224362461e-01
-2.759517554604554168e-02
1.721192636241851426e-02
3.386782744588121563e-01
4.687178837894265260e-01
1.000000000000000000e+00
7.879266839189881244e-01
4.048168867031037843e-01
3.668700047631018313e-01
-8.483334239758145712e-01
2.098803303029352085e-01
-7.912207507345949686e-01
6.987427792169427221e-01
-8.488306738755957426e-02
4.922537667666798678e-01
-7.089600875374924005e-01
-4.649358058900813773e-01
-8.573703363797754440e-01
7.778160344910481916e-01
-3.202195287133756119e-01
1.000000000000000000e+00
4.301132539941719957e-01
-1.551357957846382640e-01
6.216423025845238537e-02
-6.723536528435645199e-01
9.302743920473994788e-01
4.838331767674933781e-01
-3.507435381169805577e-01
-4.210215358145651399e-01
-1.743912672175392531e-01
6.215664639040969774e-01
-6.468217395126968361e-01
4.999283941673807186e-02
-8.824942913159543600e-01
-7.585434578627512359e-01
3.314249988291801952e-01
-1.265855892088538215e-02
1.012820153175092858e-01
5.922303954006472582e-01
9.621644864718178480e-01
2.170962548107947532e-01
-9.247320123216939969e-01
4.999857444385563676e-01
-5.734340070581331883e-01
1.000000000000000000e+00
-4.978299371376485594e-01
3.826468775896630509e-02
-7.409333402485971387e-01
-5.479763636728085530e-01
1.334711080663812388e-01
4.085799076065134150e-01
9.307932552136859439e-01
3.588927805765687595e-01
-1.650077508794055847e-01
6.517016624889537812e-01
-2.392422665538955495e-01
9.990675763484009320e-01
-2.825245788888245957e-01
4.793847647476640605e-01
-5.701625995341336184e-01
4.561995776058894725e-01
-1.000000000000000000e+00
-4.079657742025419309e-01
2.580871989978075765e-01
1.424159944752054485e-01
-4.632409612786098085e-01
1.290029896265017517e-01
6.002531912175826934e-01
-1.000000000000000000e+00
7.548379604239296992e-01
-4.943484684231830295e-02
-8.098049942454967898e-01
6.035367393651772661e-01
1.308986454972745905e-01
2.548311523680903412e-01
-9.766393157113596457e-01
-1.826266224297901641e-01
9.843307944587529335e-01
6.890760310752347406e-01
9.559474195005188690e-01
2.693364246427582542e-01
-4.574818225509953984e-01
2.354943933939126488e-01
-4.325095367608244867e-01
-3.756179769154542325e-01
4.596551870076543977e-01
4.816622386765376795e-01
5.068031844778985162e-01
7.385191586226603766e-01
1.055168762849599678e-01
8.954005116452919480e-03
1.030910960976313268e-01
3.677358190518114633e-01
-5.235980702405080844e-01
-3.060118642995773297e-01
-1.000000000000000000e+00
4.405963438114972597e-01
-2.219747833467290710e-01
9.240138688642745013e-01
6.667532136337164239e-01
9.484334228228579189e-01
6.660376085182022621e-01
-5.282254229463790862e-01
9.472165163877422911e-01
-5.255806253037282882e-01
-2.859858919379716924e-01
-9.919342608706436248e-01
6.650029963656690912e-02
1.775767293701956406e-01
7.406450312977874706e-02
7.352950103019508798e-01
1.916313373954573185e-01
-3.046150960212618691e-02
4.016785109522427039e-02
-5.537500601342649764e-01
1.479231552850451825e-01
-9.387513116166840144e-01
-4.466217375233910714e-02
3.170642718435303653e-01
-3.260421336306752460e-01
7.190291089894879084e-01
1.276766828868055974e-02
-1.190644124211832633e-01
-1.267106023868346809e-01
4.793891804705410764e-01
-5.092301813523165965e-02
6.137187796217167257e-01
3.116188177399705772e-01
1.563727295234203785e-01
-1.000000000000000000e+00
1.065092749532116911e-01
-8.031848409962069613e-02
-2.697996406696514526e-01
5.919251796507063457e-01
-2.213770470322548034e-01
-6.654586396415174132e-01
-4.111439819451093713e-01
2.667319076862125216e-01
4.968747034011573166e-02
4.156830489404921281e-01
-6.637431010166141565e-01
9.537821992813107219e-02
1.798938007339802858e-01
8.992355380618444194e-01
7.512328452911505583e-02
4.486369328431264597e-02
-2.591894352952229807e-01
2.536333073897566459e-01
2.883109380884929518e-01
-6.739274977415748991e-01
-8.320714480923934175e-01
-6.079187131237328012e-01
6.826819836935517360e-02
4.246447545195045636e-01
2.872811842257897916e-02
-6.024271952026337695e-01
1.271976710290790291e-01
-1.997256706797128634e-01
-8.992491642551692088e-01
-3.351811286780188026e-01
-2.438548032348645811e-01
-4.443298876464830127e-01
3.984305843125695579e-01
-1.117391169471767393e-01
-7.558188439671422731e-01
-4.301503860373401267e-01
3.794756189115479073e-01
1.000000000000000000e+00
2.353493431465259467e-01
-6.545923597351803735e-01
-1.790284134256136528e-01
8.294326775767979498e-01
5.221095780393248953e-01
-3.174141163865739079e-01
-5.865053579230231628e-01
-9.721405639526328191e-01
-2.514559262000886641e-01
9.971584842067005017e-01
-7.736072676897465250e-01
-4.233141988390717869e-02
-8.915838598755329025e-01
6.964994849541621402e-01
3.633425275927739673e-01
-4.166014483445109606e-01
6.047622368236206247e-01
