1.766018227644587935e-01
7.637639094353061431e-01
2.626467741430335012e-01
-6.103234660932275180e-01
-3.377002360203047449e-01
1.757219687096420180e-02
1.926464018025940972e-01
1.846287767193635743e+00
-1.927298781779318571e+00
1.068986275331354374e+00
-5.285205208321592796e-01
4.967930152354940038e-02
2.611805194604603919e-01
-6.641381892967099798e-01
-1.111015376984049174e-01
-5.468764384386368693e-01
-1.011802245867410716e-01
-7.869541517950986442e-01
-2.996841828853039402e+00
-3.401843450007419056e-01
-3.292081042059317175e-01
-3.436604558186089342e-01
-8.570741056788734324e-01
1.367847930991329619e+00
-9.648939558842524189e-01
3.042497406172239849e-01
4.509920479595375675e-01
1.036231983647537547e+00
5.573830097015939344e-01
2.066523646282893090e+00
1.169969846481502818e-02
-4.016305100701554887e-01
1.015235412814345040e+00
-5.236974679425603352e-01
6.917303308213476054e-01
1.575793858594996821e-02
-6.496990168603861138e-02
-4.259028531094410930e-01
2.206758648958030422e-01
-3.212249227398548124e-01
-9.762312149351940471e-01
9.971099078855523157e-01
1.725861138379231718e+00
5.435373298259321695e-01
4.658964368652485089e-01
2.421346805439875682e-01
-3.350822965299212086e+00
1.584310922620451478e+00
-2.776522650621432997e-01
-1.350311089914273399e-01
1.641451991668479438e-01
2.715783526272564918e-01
-8.052029169499512751e-01
8.959534145804957106e-01
8.910059098925710019e-01
5.520342323038995858e-01
1.205761212416100570e+00
-1.693876162338463942e+00
-1.049215703544807088e+00
-2.527414410186701876e-01
-2.773440899116217384e-01
1.161035931285793188e-01
2.461015160828064485e-02
-2.301203059264194550e+00
7.478881109547057537e-01
1.366970090472138466e+00
-1.336793929148769600e-01
-3.705111379722851594e-02
-5.742397101085032762e-01
5.625678012965132924e-01
1.363274843097255662e+00
-1.137042713616241763e+00
2.033551590424771960e-01
8.544111562829401763e-01
9.853682607875726696e-01
-9.504105840063776789e-01
-1.799887272157433549e-01
-2.736094420087921142e-01
-2.983839297384041078e-01
-1.962655171132737353e+00
-3.750442068418968766e-01
4.350236209997587755e-01
2.852515193075824129e-01
7.376053294457496357e-01
-3.181096043301343546e-01
-5.823962752807669840e-01
-1.492537835702730797e-01
-1.004074550068963623e+00
-3.305268935212543058e-01
-7.714586640506155835e-01
-7.004756366744993579e-02
-1.131004167459494170e+00
1.369560587871820001e+00
1.247779790195776783e+00
8.263215497373119223e-02
9.070651970611176562e-02
4.312786792885735521e-01
4.000565821672439348e-01
1.439076557874320539e+00
1.053663860556368181e+00
5.742630519364695374e-01
5.765076114357232662e-01
-2.613251800244856815e-01
-2.417911301122693535e-01
-1.745485419087178469e+00
5.815593875015141467e-01
8.391004239783044216e-01
-3.828471737790765772e+00
-6.194052830729388504e-01
-3.687548150438083594e-01
-1.373465123848092162e+00
-5.607543781819805950e-01
2.097153000945686518e-01
1.823843485768248951e-01
5.889116996109927671e-01
-3.969953102483113616e-01
-1.615532624526875072e+00
4.138160365519298889e-01
1.746497873045080862e+00
4.529872666274326609e-01
2.263551412962503839e+00
-5.144367395185001079e-01
3.322807436620063282e-01
5.163356884644882960e-01
-3.565658497533604532e+00
6.806190022847530274e-02
5.452708040314794280e-01
-1.910449154024879137e-01
-3.751578087950008245e-01
1.022530472101064403e+00
9.499607237401896942e-01
2.540301297620510823e-01
-6.627865988893942850e-01
1.903701776452445815e-01
1.839816375728350328e+00
-1.553665580654157163e-01
-7.169870188140345935e-01
-5.285132887051005035e-01
6.826471604167236862e-01
-1.573103988372918316e+00
-1.275907655565853505e+00
1.023691322675186061e-01
8.909348144417081339e-02
1.518135846681426759e+00
-3.100513397221225098e-01
1.106305003369405793e-01
-8.765099824852315424e-02
-4.986215669632317882e-01
1.970927342663517101e-02
-6.042853353292998442e-01
1.933011523462428993e-01
-2.785064872046280060e-01
3.985065746242882900e-01
1.551193846025200607e-01
1.841225998029735855e+00
6.728659342747878025e-01
8.799848928664392167e-01
5.957321047697197169e-01
6.148140295476691719e-01
1.228738778579086421e+00
1.547385628250933509e+00
3.913692782472721898e-02
1.513740924085049011e+00
-3.443546148877645319e-01
-1.221139509122267208e+00
-1.166714011444836885e+00
-7.709435396252323214e-01
-4.574845933986989022e-01
5.414343740178682030e-01
5.369224787989554937e-01
1.293303391486337606e-02
2.099742973918496958e+00
3.131782042633134422e-01
-3.002489601792764917e-01
6.827659434030945995e-01
-1.330364675538171504e+00
1.977539016715776365e-01
1.117266190424724748e+00
4.277407159676464010e-01
4.029454198448864655e-02
-1.300912782096427911e+00
3.751989215582077764e-01
3.287877456658243602e-01
8.462691836040031612e-01
1.831119061557250904e-01
-3.653416325053775449e-01
-4.298379414981083890e-01
1.092938686684916290e-02
1.023455924508417159e+00
-6.359977025208378709e-01
-6.363902569782900476e-02
-7.388308176801055005e-01
2.869145993625972224e-01
1.454092520117981735e+00
6.097388232572298339e-01
-1.698364938282040271e+00
4.834160105484801573e-01
2.422033808528599175e-01
1.371303723426423371e+00
3.281136618575792863e-01
1.097612664440871799e-01
-1.619072499377838814e-01
-6.048753145207785842e-01
-9.710028584857294254e-02
-1.028183896348110193e-01
2.824295268038434781e-01
-4.362880023232994731e+00
9.093813441888377591e-01
-1.149324972056930072e+00
-4.707887691165765776e-01
-1.987615082927239651e+00
-4.928979369517016984e-02
2.009036598742955704e+00
1.253735809907844168e+00
5.254127913934285576e-01
3.077690898940035336e-01
-2.822093132059788623e-01
7.834589934751896578e-01
-6.848311494038010760e-01
-7.038700949655800621e-01
-1.869035954384497961e-02
7.650141246216106694e-01
6.925173164522988589e-01
3.961948630540097493e-01
-5.967033311886533742e-01
-4.433183279396333276e-01
3.538073374075829669e-01
7.768299932131306207e-01
-3.982048523604375112e-01
7.642306250272133950e-01
3.269640708356249537e-01
2.472392547268318919e-01
6.632210336056818534e-01
4.423590977999421470e-01
1.176563394732824896e+00
1.795037690883973136e+00
-1.669111121582494306e+00
-1.637703883181009235e-01
-1.748378612240340524e-01
-3.039025097534302569e-02
2.139427557128873447e-01
-3.827635085328989772e-01
-4.778932874685726251e-03
-6.337755667345241761e-01
3.412650517807037653e-01
3.877386457150499011e-01
-1.542599126553639177e+00
3.035663476959552298e+00
-1.014130167579785635e-01
4.240889818652885168e+00
-9.150917676203160767e-01
-1.710805231804032878e-01
-6.547718776670692631e-02
-1.127443129161757041e+00
-7.144155889395413794e-01
-8.510914052175451161e-01
-2.780727176850157911e-01
4.994768021882613485e-01
2.234070786259697572e-01
-1.139444657702747415e-01
-1.038897313343843720e+00
4.679366821583137437e-01
1.909962754915452143e-02
1.755261069709335153e+00
-1.395187254371360375e+00
