-2.787088859218371795e-01
3.537589357389289701e-01
-7.254395616121643853e-01
-4.146346948968001600e-01
3.973989788437762849e-01
-3.250853636046796558e-01
-6.024060750742809001e-01
4.669038453894109875e-01
-1.283014836795095981e+00
1.180637071105350155e-01
2.993095181923256520e-01
-1.168991475644049483e-01
2.065313866446165381e-02
9.628190721187595003e-01
1.949971284247894898e+00
6.842184723793000023e-01
-9.342946836696395252e-01
7.311834326248768390e-01
1.358172213717604715e-01
-9.729963493090615367e-02
6.862033957095193815e-01
4.134468128225892158e-01
-3.250582413001097959e-01
8.498935431614667024e-01
-5.219375502077733264e-01
1.467621928544228460e+00
5.242317902989392930e-01
-6.275307219443808648e-01
5.893997094863067110e-01
1.076924417395303812e-01
-7.370116815481673189e-01
1.620956145696703654e-01
-9.059353702354623616e-02
6.557437185950650838e-01
5.966089198900852431e-01
7.857834830260471692e-01
1.072646991095363156e-01
3.485357000870956679e-01
5.528736244776052411e-01
2.785300602579831031e-01
-3.023255363451624600e-01
-7.503763902622054838e-01
8.610637563290588492e-01
-6.103970008787648061e-01
-5.749187849409147510e-01
-6.319434081345188803e-01
4.507791062405488991e-01
-5.409141439102557181e-01
3.735191721654645275e-02
4.695676026376333079e-01
-1.108569471462222733e+00
1.152338881578225616e+00
-1.462973117732238704e+00
4.174527135625941687e-01
-3.848147453001145302e-02
-1.772443544631401025e-01
6.016846094600079020e-01
3.247384812955811384e-01
1.887622131174934714e-02
2.936498180964968729e-01
2.270782648867432918e-01
1.924738876112855324e-01
-1.673543424168046023e+00
-6.401223979263881425e-01
-5.808990427878022444e-01
1.542792220986933804e-01
6.405907976748506094e-01
-1.117781953082562230e-01
-8.993150774471763143e-01
-1.375466626858650399e+00
-2.170676781670409228e-01
-6.586794898542380761e-01
-5.299200215273816017e-01
-5.696619066130133024e-01
-2.382976282401860768e-01
1.369144917648112102e-02
2.769529087952099511e-01
-9.322840690653049212e-01
-8.049086824408664409e-01
1.983644818535683862e+00
-6.674519666831382203e-01
1.027844216447617809e+00
5.178060019512148671e+00
5.933238098452151554e-01
-6.280300236522934343e-01
1.919104334654281763e+00
1.178013902482647479e+00
1.579209088096594216e-01
-4.814470333627460241e-01
1.070967708253258488e+00
5.266179259880617858e-01
-4.811146282744134250e-01
-7.318659767885735690e-01
2.827917307684756354e-01
-3.741245376619931617e-01
-7.438610327088630569e-01
7.041840830474725976e-01
1.647469732544502019e-01
1.280906136780552984e+00
4.660690632069411921e-01
-3.879443073828402200e-02
-1.649863642473547443e-01
-7.384349044486535618e-01
5.114295352718387644e-01
-2.587744483718105656e-02
-1.306552224935300544e+00
2.971307117623736005e-01
-5.136496601220417180e-01
-1.447265147142210440e-01
5.726845185486867384e-02
-8.948370637798691574e-01
3.991528758907930685e-01
-9.871242040207868218e-01
8.368095480872987935e-01
1.083987990953429570e+00
4.948619741646843595e-01
-1.322896472538149126e+00
2.726540681464783011e-01
3.428427020271476167e-01
-1.571499665471968732e-01
-3.145544770861606887e-01
6.018338666010953908e-01
-2.583324762684026665e-01
-5.603680363929246511e-01
-2.784982934358702922e-01
-3.370420168313623677e-01
-3.441424551047639890e-01
7.006558975809243917e-01
-1.750640371334717948e-01
-8.426682102930239948e-02
6.925531591955513822e-01
9.123086095531252049e-01
-1.569853481440583787e+00
-1.639099885138371460e-01
-7.029221057242711623e-01
-1.454896921727122372e+00
-5.421658281901862164e-01
7.181981424976470463e-02
5.372165362171555936e-01
-6.310551585866649438e-01
-7.337018097792733506e-01
2.461236089555695061e-01
1.941391224050334485e-01
3.594364637746486069e-01
-6.485976972443368016e-01
9.752642530434482149e-01
-3.225592659472922286e-01
4.135784620987986715e-01
5.612926129466374592e-01
-5.815392400394314709e-01
-4.916386055788112830e-01
6.454999758328781034e-01
8.651315210842820680e-02
-3.115803620144961816e-01
-6.351412521662074262e-01
9.024202970067571883e-01
-6.627673316726723218e-02
1.559516193306049292e+00
1.090012517823466975e+00
3.598740198528138645e-01
3.965694801168800354e-01
-3.231456074467859430e-01
-9.249468959491904951e-02
5.198944776048659566e-01
8.007619637634477705e-02
-1.163875459794405653e+00
-1.234121422552950931e-01
1.447823878802590447e-01
8.856970003437683037e-01
-6.758889773670273549e+00
5.522853688198118283e-01
5.812175679002664630e-01
4.135283162658814904e-01
-1.060058435364193752e+00
-3.239468380558066518e-01
2.451598223479803385e-01
-6.303734630064341538e-01
-5.436456758669336864e-01
9.057795313592376107e-01
4.924664073141707399e-01
5.575400815251783104e-01
2.047380381090780077e-01
-2.571471157911006666e-01
1.154625964766590629e+00
-6.196796042503878166e-01
1.585678092095370029e-01
-1.215584260603203709e-01
1.016378242226281703e+00
2.393887159531172537e-01
-2.227066952490900920e-01
-5.716760742121740346e-01
-2.399197063040157604e-02
1.905672193906876588e-01
-3.680166738804596660e-01
4.252158179257546911e-01
1.428594511484102547e-01
7.631488018123273598e-01
4.367781437199434735e-02
6.541216806040138498e-02
3.643361349059349719e-01
-2.238404917362715463e-01
-1.440864568968312498e-01
9.680296860225812150e-01
-3.377305993178680299e-01
1.003160523507746094e+00
1.063491298042898103e+00
1.190342630118133682e+00
8.702277476783277788e-01
2.350678401223410541e-01
-8.754466515844637753e-01
-6.713895711925186305e-01
-6.487714885315019053e-01
-2.277294662771225386e-01
1.199677509306233292e+00
4.979666811846809038e-01
-5.294646863627344713e-01
-3.385025634280376394e-01
1.444623869036604051e-02
-6.186613828565492579e-01
1.667629386658056878e-01
-5.043147168892582188e-01
-3.387459480899354669e-02
4.413768820579472840e-01
1.008775921029750888e+00
8.674754458914760713e-01
-8.474988935484518704e-01
1.185485719123016590e+00
-8.334180031573190650e-01
1.950182326379106712e+00
3.643415212339874421e-01
-5.614658420911767811e-01
7.553453935099345706e-01
7.854828620963745234e-01
-5.721666652653796536e-02
-6.798132650293460255e-01
1.102628134862380649e-01
1.019422372725276249e+00
-6.635403482635812145e-01
-4.831999962845786589e-01
7.022009266776191305e-01
4.871467134989133640e-01
-2.456179797785259522e-01
-4.718773656752690560e-01
4.067722355323973304e-01
1.463822674299649906e-01
-3.550626326974952729e-01
1.070863645100870398e+00
1.900919207073924255e+00
-6.387327559287897527e-01
7.813217040853500661e-01
7.002705846871226658e-01
-5.786145997398365326e-01
5.185224709909697083e-01
-7.061796329714367104e-01
-7.576585046203672402e-02
-2.857500160743671747e-01
-7.916112487172669576e-01
4.143736553029623293e-01
-8.078479436426533322e-02
1.286616720186817053e+00
4.203595811976335028e-02
-1.536799626546980324e+00
8.673437403512948007e-01
1.534596199730353661e-01
-7.625249630482576757e-01
