-3.707913644262748498e+00
2.370768930778320849e-01
6.981600506852796428e-01
7.443683972648959535e-02
-3.963270441785091691e-01
3.080135780052047911e-01
-1.573019004794083964e+00
-3.858555789145962089e-01
-2.207798713722566308e+00
1.235997233329955591e+00
7.602179373072260882e-01
6.861181262542503934e-01
-5.019537725412985818e-01
-1.639408538209664368e+00
-3.279871656744277608e-01
1.011742369307168987e+00
-1.104968818153881926e-01
-8.298950557690527585e-01
-4.774524806289287548e-01
1.775410440976223636e-01
-6.547177623878466246e-01
8.305317308875821425e-01
-4.565676659617268207e-02
-1.221475470962952725e-01
-5.140833890764155978e-01
-3.123886212864105394e-01
3.507618452302438961e-01
-3.631881384579906946e-01
-4.735430832658149014e-01
2.845073182822789315e-01
-5.158733896662024421e-01
5.713824558570106127e-02
-4.099133399503163133e-02
6.910610690341911430e-03
-7.876241887388047980e-01
-4.819878769509499117e-01
-3.235803985451720655e-01
1.884366494986031482e+00
4.905007751246999725e-01
3.408984868149848024e-01
7.379735841073344904e-01
7.860378532379646010e-01
-6.481912360879000801e-01
7.332183404178436170e-01
-3.545208243949216076e-01
3.017254795161347092e-01
-2.715789794371679666e-01
-4.462896682950042715e-01
-5.062649657309231666e-01
4.766844512309094672e-01
7.459416781973485233e-02
1.096136581471436333e+00
-8.000141123436510515e-01
2.857657339864918544e-01
-1.254438223554560639e-01
1.528997594628211276e+00
-1.307576652206063006e+00
2.314706111801708155e-01
-5.201934841182160874e-01
-1.055603707272715575e+00
-2.766997075936319939e-01
-4.135293910771427606e-01
1.911687008968498969e-01
-2.985381976374400503e-01
5.503051257047580913e-01
-5.958049713631060618e-01
2.504381977376679558e-02
-1.046614350074827726e+00
3.282786567138377132e-01
-6.062804687437841622e-01
-4.229683814755068383e+00
-1.292763046308498698e+00
-7.020985723550596802e-01
-3.453100931411441366e-01
-1.109328706253149832e+00
6.537208912634386859e-01
1.382981330894631489e-01
-8.291193141168602398e-01
1.185170012522476224e-01
6.409188501635700863e-01
-1.805239941883918009e+00
-4.918547259428851515e-01
5.540382519594535538e-01
-1.063479615265700701e-01
1.088641577230220925e+00
-6.957455433085675267e-01
-1.481516588570696902e+00
-3.965413430484659441e-01
4.565126093981852762e-01
3.156044046682848769e-01
-2.344335130398942924e-01
7.315708109625345124e-01
1.006469953850133575e-01
-6.282946641971465240e-01
1.007289879568202817e+00
1.331587153771746745e+00
7.258591162480232395e-02
1.009825208972612520e+00
-1.353649584144755724e-01
6.482848061989432420e-01
3.096296824720989882e-01
-7.579124347646878368e-01
1.108302129460840835e+00
-1.451405378560800097e+00
4.999949327367962937e-01
-4.250462487788809196e-01
2.743586994088114128e-01
1.387589291815793269e+00
1.352911456370992305e+00
4.494832054536641586e-01
-2.639700598255445563e-02
-1.232463115333733011e-01
8.421843932006187750e-01
-1.798053920063835687e-01
-5.350570322714238714e-01
-6.828525329826860002e-01
3.633040916422564659e-01
-1.791554987554659362e-01
3.959426142474793686e-02
-2.708949168968795895e+00
-6.966046247103514499e-01
3.739572967501412354e-02
8.967916747781703446e-01
4.565295444012044124e-01
-7.449712163010404620e-01
-9.229643618217562295e-01
1.789500847089064983e-03
-3.529445351462784375e-01
-6.854176267563094616e-01
-3.619588275924072729e-01
-1.337448083858826298e+00
-3.383252965800617185e-01
-1.935394533465177869e-01
-8.212610564742578445e-02
-7.421827444937628693e-02
-2.216519025614581972e-01
-4.522458872839108524e-01
2.784950999336284760e-01
-3.666046662066768658e+00
-3.876128773737103073e-01
1.183416910994940618e+00
-2.296690629919891924e-01
-3.796222850610545541e-01
2.013501752041618464e-01
-1.453974869638484102e-01
-1.608638436195292121e-02
-8.023839697612269450e-01
-4.966592602507906573e-01
5.807854527242290593e-02
-1.068170877207776648e-01
4.094714893172562986e-01
4.677810089635750512e-02
8.156304717333506815e-01
-1.200596682586099195e-01
-2.367343982726107521e-01
-4.871972206847394737e-01
4.961561150642895823e-01
-1.058677543584335634e+00
9.625982755811126612e-01
-1.538043192430608164e-01
-4.359046358317472114e-01
4.813970199239395176e-01
8.235392804772645459e-02
-6.183869584164738420e-01
-1.240848589244174516e+00
-1.197606658000350599e+00
3.259566143852223319e-01
6.413127912401865860e-01
7.055598891426408947e-01
2.186787433363558339e-02
5.092931303203978022e-01
-1.886340476174183101e-01
-7.046687808517657636e-01
-1.079155416496065722e+00
6.689289646908389564e-01
2.309538906000868086e-01
5.623999979077706768e-02
1.544486538870689429e+00
-9.055953697567372673e-01
-1.333396797943300349e-01
-5.799234505647119065e+00
-1.119196285251449208e+00
-1.709452656499069967e+00
2.091534028492313402e-01
-7.548094319879887770e-01
-8.996324351631681537e-01
-1.176026273133791156e+00
4.541852716547262192e-01
-1.319713132104175790e-01
-1.535721936920455000e-01
-1.605831152670711859e+00
1.098155386236225439e+00
2.723470636311902879e-03
-3.016830963236987184e-01
2.330574051510592437e-01
-5.540120096479032030e-01
5.824783159706383717e-01
-5.319037638377266397e-01
-1.532106739674601315e-01
-1.229786071273557102e+00
-5.800583623821335966e-01
7.399838426297689065e-01
1.157929672571137658e+00
2.851062723930511966e-01
4.168918671380822949e-01
-3.118527826601611430e-01
2.790391704463326961e-02
2.985584610488298957e-02
-7.865196411481938377e-01
3.458867104708469586e-01
-4.018756303957140563e-01
2.329541340036000996e-01
2.169721378824354119e-01
-7.480111610833675706e-02
-4.166028743867339901e-01
3.353962823655201042e-01
-3.415146036308339683e-01
2.380128152224566529e-01
3.905034533818355080e-02
1.010011756848635311e+00
1.434842143602749753e-01
3.599362023981000913e-01
2.249532317788902613e-01
9.221881316398351514e-01
-8.172630944349097426e-01
-5.668476206195129929e-01
-1.474696866929297578e-01
1.720604871523852664e+00
-3.992879178390457140e-01
-4.564159936776605031e-01
2.240926920409906931e-01
8.081623872695445354e-02
4.545951715365741386e-01
-1.374765195175170707e+00
-5.337561418702692073e-01
-4.692641347689309184e-01
-1.531065872957199758e+00
2.817916875514697161e-01
4.795276692682435282e-01
5.135871742085287295e-01
-6.023919585730681536e-01
4.830267854124123961e-01
6.937971411288434975e-01
-6.669433761094938351e-01
-1.562120442386544461e+00
-5.653260010558498472e-01
-4.967040744930012464e-01
-2.208146747713423119e-01
-3.557165399693545949e-01
1.149049537890352246e+00
1.461714063048172862e-01
-9.103582001515109212e-01
5.677059235681034544e-01
-2.367880106358517256e-01
7.375062683582127576e-01
-1.843687978677621686e+00
5.595927989262354796e-01
3.247570077147952095e-01
9.792976210711358542e-02
-4.509153593027863671e-01
-7.492316198889501511e-01
-4.412553812122577135e-01
1.708308700294711269e+00
-2.212632394591163010e-01
-1.307915166796525530e-01
