-1.343719664591176866e+00
1.342094096010530535e+00
2.383061500724143744e-01
1.305857460420825900e-01
-1.520432547402718604e-01
8.584874365937277263e-01
-1.973827881909740456e-01
-6.460108266573090230e-01
-5.023772907939543231e-01
1.369757084499861666e+00
-1.013869840668393696e+00
-6.903432208919327295e-02
-3.309766280523412929e-01
8.292366468485823372e-01
-6.506716560896888546e-02
-1.448817094867287603e+00
-2.764360278344827893e-01
6.407410638070587527e-01
2.987572799300509674e-01
1.448428735385275945e-01
-1.481588159922796188e-01
1.149574751394743938e-01
-1.286877346612857187e-01
-2.578722589737205695e-01
-1.248977990746906463e-01
-2.037231525915530028e+00
1.311047770473080520e-01
4.040431659244706486e-01
-1.148452975474351323e+00
8.793843073070587435e-01
5.412062072452867856e-01
-3.053637149482055779e-01
-1.617001180641103986e+00
2.617073506779190803e-03
1.666062821588213616e+00
7.134197914979298893e-01
-5.318648392258940039e-01
-1.600296692867733350e+00
1.390029767148235340e+00
-6.241120401852087163e-01
4.318414895697023637e-01
-1.140727523621248185e+00
-6.478573304361705532e-01
6.416088195891092028e-01
-1.520618605062373785e+00
8.172061114743904842e-01
-5.344497552009344066e-01
-4.620479422755923160e-01
3.444803147015899070e-01
1.581275101074564038e-02
5.077055977022739697e-01
7.819556133624647742e-01
1.043524656339466228e-01
-1.285843009135011483e-01
1.118735816711942999e+00
-4.383837272926310868e-01
-6.032310349615610523e-02
-9.975899705014048546e-01
9.247589162817321240e-02
8.917667269905638072e-02
3.637015271501151115e-02
1.017355447921668876e+00
-6.583232810723167461e-01
-2.304280951940292366e-01
-4.444652199354258149e-01
1.398850812677845834e+00
1.239762190517576634e+00
-6.318065949082494193e-01
-8.766506737597726806e-01
1.072154834998177986e+00
-2.549459406917330417e-01
-8.061583453389364884e-01
8.396283488411275808e-01
4.954983996789834311e-03
4.590595944911960435e-01
-1.188199423253998965e+00
-2.247165086099750242e-01
1.061687807559358543e+00
6.411232875430241673e-01
1.396498765780326834e-01
-8.845401242646951934e-01
-1.289758532593810458e-01
-2.310585015319890800e+00
-1.981032924410540685e-01
-2.584529109540523617e+00
5.691719619089801174e-01
-6.796487543939864207e-01
-1.297302558673353035e-01
-5.067060399362034451e-01
7.359022453738917058e-01
3.370452315421043066e-01
-2.253615136865249058e-01
2.929174427597710739e+00
-2.879795692923332595e-01
-8.203583904695623819e-01
1.684858801938361184e-01
-3.321471300864434761e-01
-3.453925431957775016e-01
-4.561614096147767472e-01
-5.941362534599567979e-01
3.050060890281180992e-01
-1.067034419606331108e-01
-2.260153951929817939e+00
6.993827119272884030e-01
-8.275734278647750575e-01
1.140341984862794505e-01
-6.881118702303585799e-01
-4.499396522279841548e-01
1.443691364606058958e-01
-3.090526404435632202e+00
3.218082710284878023e-02
1.203785908309980002e+00
2.738410213635631973e-01
-1.395884129974886978e+00
-1.317877363672654289e-01
9.203440420317059445e-01
1.544348470823401764e-01
1.137175107312132505e-01
8.136734273532609807e-01
-1.443587044759995774e-01
-3.599244542819211162e-02
1.501241906590745856e+00
-5.676833330461701632e-02
-3.855202233937976564e-01
-8.801386768844690067e-01
1.915566495591634943e+00
-8.364873101831417079e-01
3.649516151116310309e-02
1.328699792648699418e+00
8.005751563656874348e-01
1.072595883912129011e+00
3.599563131193638660e-02
-1.467579676697282398e+00
-6.742036709887982981e-02
-2.027693827801840598e+00
-1.537991403028370618e-01
-9.062934760034100368e-01
-2.662410582719521579e-01
1.863435793140970853e+00
7.631778833313342947e-01
5.156199249519296535e-01
-1.286743623299706041e+00
-1.166479668456894991e+00
1.809218226663345863e+00
7.810761974244395667e-01
2.993575835818043096e+00
-1.086057940568178282e+00
4.316587652393610863e-01
-1.389035801778394141e+00
-3.242810751026554139e-01
2.103548637513963371e-02
-1.623134784354843818e-01
5.184316315034710465e-01
1.451080348720706348e-01
1.145216686443330245e-01
-4.270800440122970304e-02
7.689080342468392892e-01
6.764203541165101363e-01
-5.282517095718919364e-01
-1.178319506313651455e-01
-2.153513521450508561e-01
7.918579168194738171e-01
-4.968856925569876126e-01
4.708079665822647586e-01
2.444999534753964365e-01
1.330525949385243045e+00
5.714787361411491906e-01
5.606590397472748233e-01
-4.218202200319700057e-01
2.722057748325960036e-01
-5.261246716933132284e-01
5.846791537916198322e-01
-1.910019427032602746e+00
6.140082264979045412e-01
1.441548851473088533e+00
1.348709835899352116e+00
1.698046193880685895e+00
-5.244271487893200634e-01
6.022508613733539296e-01
6.070975691025020105e-01
7.215150902591016546e-02
6.893021726515908831e-01
-2.334070798211728692e-01
-2.199800979038683130e-02
-1.551169722192510481e+00
-1.261136611082806433e-02
-1.005544865325161963e+00
9.559080570653885611e-02
5.346210201825558617e-01
8.151746092423445278e-02
-1.135493037163088914e+00
-2.089645494663325276e-01
1.540801297860403540e+00
3.638776027777531064e-01
4.534797252075396523e-01
9.816878046223420640e-01
-2.060227875584936363e+00
-4.123355999457188614e-02
1.030149927298915635e+00
6.147967871668782447e-01
-1.499741478623556681e-02
-2.361419025166389574e+00
-5.391063311395928592e-02
-4.256954379443637082e-01
2.129659455948020863e+00
-1.146155469294277279e-01
-6.247034800033985924e-01
3.577918827246849842e-01
-1.138726648419861875e-01
-7.902300982238943949e-02
3.205065822698737743e-01
1.430522679885894988e+00
7.208105705115543937e-01
-1.605255501684610397e-02
2.144694897873186790e+00
5.565035199320840231e-01
-5.352433232756181880e-01
3.168004706785398916e-01
1.218114872559013184e+00
-6.761086190871290480e-01
5.999368837601888327e-01
-3.199247904031116141e-01
-1.077460488210057132e+00
1.665200641762346612e-01
3.907324568966576095e+00
8.840932450774254825e-01
5.906469028555910716e-01
-1.300716338250189619e+00
-2.200458042000324188e-01
-9.409622959383817653e-02
-2.242084826734319414e+00
-3.130408175294887019e-01
3.615310304413765774e-01
1.397085264576146235e+00
-4.980697356588337232e-01
2.255904970794966768e+00
6.974793546530230759e-03
-1.127589205373191739e-01
-5.713005904882011154e-02
7.853448536100301469e-01
4.989492288699550748e-01
3.291570589299786520e-01
6.964822509920740590e-01
1.184497144418223069e+00
1.796013533064674927e+00
7.212381700401090390e-01
-1.563601094681871029e+00
-1.844179876095312087e+00
2.517073289389973323e-01
-4.471442443896502361e+00
1.016772673913200142e+00
-2.176936185598542239e-02
7.161814823103604954e-01
1.578362481892263025e+00
-1.002336165289536396e+00
8.582350005692794851e-04
1.183659252149808161e+00
-1.513272821917999167e-01
-7.592100571598956460e-01
1.342613094585987543e+00
-1.045379034998851764e-01
-4.715774970331934046e-01
1.304878073472266475e-01
-4.718304894252537407e-01
7.950920094022957407e-01
