-5.573953867517461580e-01
1.000000000000000000e+00
1.702800136167177403e-01
-5.623504157437245743e-01
-3.956106162996188003e-01
-6.164398365292398374e-01
3.142638864752104189e-01
5.585625395269128157e-01
4.120418155323110065e-01
2.856967140023075613e-01
3.584766410248608759e-01
1.746565244438071096e-01
-9.108327246189085180e-02
-2.374282375542293433e-01
-3.247564347079767155e-01
-6.222339889728105700e-01
8.487305878514972424e-02
-2.660960860357722835e-01
-5.271700806075425572e-01
-2.361871763322697382e-01
4.489875196667342805e-01
-1.591517763349353798e-01
2.477978957667192339e-01
1.000000000000000000e+00
-3.367118909161252727e-02
8.469473186275147114e-01
8.225836586303159059e-01
5.469012569158532289e-01
3.006790321484172357e-01
7.893883285842742126e-01
-4.703396058710680450e-01
6.452047898636915635e-01
-1.000000000000000000e+00
-1.399698037262827877e-01
-3.496331572904511770e-02
1.000000000000000000e+00
-3.400677865826124968e-01
-9.815368458589853740e-01
6.325202358047850026e-01
-9.405296140915122560e-01
-1.501095207501018658e-02
5.251161628392150282e-01
-5.781263445557731639e-01
7.583032196540331338e-01
-1.885198581090388181e-01
-1.101552854561927697e-01
4.593932976186656525e-01
2.908817000277862941e-01
1.508457482038551289e-01
-4.657609161301909939e-01
3.899117389768727571e-01
-7.369963743975105341e-01
9.894332269886634279e-01
-9.905876124289461626e-03
6.284302831627910368e-01
1.895681732728340396e-01
3.317117383394531660e-01
-3.669949829316613843e-01
-6.800230150840980148e-01
4.631941111520598287e-01
-1.000000000000000000e+00
-1.132705159476807000e-01
-4.577193815851821057e-01
-4.603055185243369318e-01
-4.319628599284271453e-01
-7.321063234902919215e-02
-5.461865035678071800e-01
-1.000000000000000000e+00
-4.329043500549580037e-02
-7.175821231303953773e-01
-6.538979531421975633e-01
1.440481584796760375e-02
4.584641205591557522e-01
-1.000000000000000000e+00
-9.061678278537257381e-01
3.910184777711685489e-01
-7.343712466610463618e-01
-5.656628332484181509e-01
-9.507537130824235128e-01
9.110217118715624451e-01
3.419187034476053322e-01
4.542406858181587993e-03
2.775493917527605547e-01
-1.957989278306026537e-01
-1.168460403675925657e-01
9.816176299315604314e-02
-4.268754593531083330e-01
3.843192401141915515e-01
9.999949724146317553e-01
5.700822760220671803e-01
-1.000000000000000000e+00
6.250954308165646012e-01
1.579213183777661567e-01
-5.863000066432813018e-01
4.651878047294189522e-01
5.088874277008317293e-01
-1.008123597997765547e-01
3.522582083592835089e-01
4.173207298239516860e-01
-3.046586238321403739e-01
-5.414398863982494703e-01
-7.626536171905166084e-01
3.411077529977767364e-01
7.240231422296843355e-01
-4.010885442378320787e-01
-4.576812411429987716e-03
-1.000000000000000000e+00
5.370406285171269722e-01
1.500772971636432918e-01
-5.093376479485766106e-01
5.432675776001788526e-01
-4.927091262934795157e-01
-1.635019051796667566e-01
7.051472628798449716e-01
-2.681253654086948046e-01
-4.551488199268814427e-01
1.908630563932037505e-01
-2.538647965369231763e-01
-4.820067437208634953e-01
-4.113176291678042468e-02
2.313065016320425271e-01
-1.335481016846577773e-01
5.507199101818784914e-01
-5.000063510260226440e-01
-7.224702821213289106e-01
5.242297174587258191e-01
-1.000000000000000000e+00
3.340603640024455423e-01
9.039060941312251352e-01
9.547354423431830828e-01
7.149212821058860134e-01
1.025688933642197598e-01
9.805461414964342648e-01
1.000000000000000000e+00
5.879734262685109014e-01
6.993066571593297143e-01
1.691505614265179092e-01
1.000000000000000000e+00
1.815848146134340091e-01
-7.354356557790443505e-01
-2.226302206366856662e-01
-9.271067877461232065e-01
8.243939989331273976e-02
-4.185089359474014059e-01
1.307154925292339787e-01
-3.583142392581457614e-01
-8.173911915223562863e-01
4.172628756372567249e-01
1.725537542309413530e-01
6.525400667239592556e-01
1.186869176958382788e-02
-2.371296473857920639e-01
3.841429231979975878e-01
6.945693293729382489e-01
-8.253919622545814461e-01
7.560504146180068163e-01
-1.575929835132942880e-01
-1.403202719758241956e-01
-3.110653549934648265e-01
-9.456911366033328159e-01
-1.600188458224611754e-01
-3.686449531278594982e-01
-5.734029199813169830e-01
-1.000000000000000000e+00
-1.000000000000000000e+00
6.913361100459124442e-01
-4.121892858745249688e-01
6.353427435136205226e-02
3.293897136455583019e-01
-1.766333923359189317e-01
1.000000000000000000e+00
7.043540860936742254e-01
-4.498308598953163484e-01
9.293848982647876511e-01
6.317893728948749121e-01
-1.008954598821124871e-01
-1.175975505721884168e-01
-6.066305603412835978e-01
-6.180208762531869127e-01
-4.850456718245221843e-01
-1.000000000000000000e+00
-1.338620447622549392e-01
-3.399890643064846785e-01
-2.121568602166444550e-01
1.000000000000000000e+00
-1.000000000000000000e+00
-2.905285231726550954e-02
5.088691004940286700e-01
7.510266477354220482e-01
6.207993970073173440e-01
2.440073212856124774e-01
1.086746316633305509e-01
-3.892822555569359078e-01
3.300981228140986157e-01
-5.086971323015525570e-01
-1.000000000000000000e+00
-4.375454442184529835e-01
-4.813805906471000373e-01
4.217867702889163684e-01
5.313671691456391954e-01
1.149539916950913232e-01
-8.635489501945117774e-02
-6.458269914168920378e-01
-5.152741657593366831e-02
1.474676998009423479e-01
3.029315134452778557e-01
9.785195570709657176e-01
-8.040456921944678648e-01
6.746334066908972193e-01
-4.647739770553231953e-01
-5.397519010766468339e-01
4.144428744474742410e-01
7.400442697900687650e-01
4.383036260275123830e-01
5.440652048865971535e-01
3.279123461709663317e-02
9.638261662367366700e-01
4.982581209906230546e-01
-6.940758014048457047e-01
-1.336639930630942885e-01
-1.000000000000000000e+00
1.526252616787235061e-01
3.694230828157687441e-01
4.629424332470793435e-01
1.000000000000000000e+00
2.295319457160487631e-01
-3.537742056673293112e-01
9.436138366465264271e-01
8.145707963715803634e-01
2.584930783423320527e-02
-9.619021661071376350e-01
7.339644743137745120e-02
-7.293482605361040205e-01
-8.329173375766558696e-01
-3.513839486138008450e-01
-5.795625837869974872e-02
3.412291255184649597e-01
3.955062324072694535e-02
-4.097463616135295639e-01
-9.585833282883915452e-01
-3.801979514273338134e-01
-3.876358933255464878e-01
-4.086218995967486611e-01
1.000000000000000000e+00
-7.917658155110829377e-01
1.679611925104697034e-01
-2.356452869726322064e-01
4.331969789798901238e-01
4.790015194330307091e-01
3.040898492338230726e-03
-5.315142050088257353e-01
-3.565917531316432632e-01
-6.976621820948560870e-01
-2.138692908677732873e-01
7.835669512038723195e-01
-3.116579365886217312e-01
7.487899711857282092e-02
9.421774833583143050e-01
7.520712795916787430e-01
-6.942558949506929533e-01
-3.842849228276766227e-01
-6.523456949596213583e-01
-4.149236394967313335e-01
-5.887477294857714760e-01
5.023671595559228154e-01
