-5.607058628643211140e-01
1.000000000000000000e+00
1.702802773012859761e-01
-5.134617929698022110e-01
-3.954694792516703639e-01
-6.164576546324241901e-01
3.142618840721847495e-01
5.603283827629025327e-01
4.120414255628633837e-01
3.044380949354287824e-01
3.594285025018546520e-01
1.748286461363787736e-01
-3.468541848934503236e-01
-1.848935836397106458e-01
-3.258239228275011667e-01
-6.223038485305936174e-01
8.677771062495161225e-02
-2.660960357469842608e-01
-5.273730646402279287e-01
-2.361777470193274220e-01
4.490927976333810578e-01
-3.190565489246526276e-01
2.468408501065191829e-01
1.000000000000000000e+00
-3.338803982761213290e-02
8.391751104123530425e-01
8.221251127801376679e-01
5.588946085920891704e-01
3.014563765309317134e-01
7.817905192265309777e-01
-4.686518375318555751e-01
6.674235721420538336e-01
-1.000000000000000000e+00
-1.399963617515788405e-01
-3.511384375984701045e-02
1.000000000000000000e+00
-3.399117135707384607e-01
-9.889454912670441189e-01
6.395789459094706197e-01
-9.405402207389048641e-01
-1.495830374235054827e-02
5.251370890931919000e-01
-5.781266316631540336e-01
7.586411408083675312e-01
-1.853465509907586406e-01
-1.084430415172618067e-01
4.518965352614332520e-01
2.907636169994193831e-01
1.551379039784349378e-01
-4.657610617839731404e-01
3.907146789426505507e-01
-7.362877216954160087e-01
9.890301823035276829e-01
-9.999005172248304207e-03
6.296291255080751492e-01
1.899623256746827138e-01
3.317850891459902529e-01
-3.669825763606334723e-01
-6.790017752708238374e-01
4.636997443623004367e-01
-1.000000000000000000e+00
-1.132566746092651261e-01
-3.800786934415878449e-01
-4.602992543344672782e-01
-4.337478154010283582e-01
-7.314705600602144919e-02
-5.461530867015264024e-01
-1.000000000000000000e+00
-4.324393973214754605e-02
-6.905269612358758691e-01
-6.539260283137445784e-01
1.707357961473279090e-02
4.586163528256456123e-01
-1.000000000000000000e+00
-9.061614834287958775e-01
3.910039090383061189e-01
-7.343135519586481141e-01
-5.851508858580639627e-01
-9.431584715777583394e-01
9.121778014926862355e-01
3.416046015047058404e-01
4.560650284702214355e-03
2.808390419535646831e-01
-1.974703212345693681e-01
-1.197309117078327739e-01
1.060146054813083660e-01
-4.264221169100507192e-01
3.843395334322460832e-01
1.000000000000000000e+00
5.699428563557135119e-01
-1.000000000000000000e+00
6.251488561503135699e-01
1.564711826161487573e-01
-5.862847202500047761e-01
5.361435699935597210e-01
5.108489153942429306e-01
-1.009145162301011978e-01
3.521008979680033679e-01
4.178709692374468210e-01
-3.047983164767887332e-01
-5.414335820576700042e-01
-7.626621441110722488e-01
3.547111721213097035e-01
7.240206980529096947e-01
-4.010769137927406303e-01
-4.586045472841385369e-03
-1.000000000000000000e+00
5.340811623038175249e-01
1.500684489121190957e-01
-3.587396278086996682e-01
5.363614855430364203e-01
-4.927079361041834527e-01
-1.700653840317197241e-01
7.051473278420352653e-01
-2.681651206515451302e-01
-4.924235238448576579e-01
1.908588709902603875e-01
-2.541987187294758033e-01
-4.817288482040541497e-01
-4.125437003602965003e-02
2.313071344804309981e-01
-1.334181009404582230e-01
5.517288765389296579e-01
-5.003578561244781397e-01
-7.242818116820392005e-01
5.387208349951286834e-01
-1.000000000000000000e+00
3.321294067169661690e-01
9.093674062709344863e-01
9.295259859407360992e-01
7.149278408191139800e-01
1.025181164642412074e-01
9.836841313002028242e-01
1.000000000000000000e+00
5.856767688031864205e-01
7.019556956000044812e-01
1.692182835493949156e-01
1.000000000000000000e+00
1.819760564773337530e-01
-7.354376043375228100e-01
-2.225988598825298648e-01
-9.286686285827727705e-01
8.245737200331390571e-02
-4.213230149483290221e-01
1.307174824636073707e-01
-3.583656335153796446e-01
-8.172978811212110450e-01
4.172253760366784192e-01
1.727017385535403460e-01
6.525125916009594240e-01
1.186567155587895869e-02
-2.372198643538562246e-01
3.844655840294966542e-01
6.945695665804333396e-01
-9.976785259189694388e-01
7.560528920012156151e-01
-1.575704569895837459e-01
-1.403208368066516665e-01
-3.099973918021409203e-01
-9.456887654553229883e-01
-1.591563357139242074e-01
-3.763339219851374873e-01
-5.706675431235488372e-01
-9.987757185052136277e-01
-9.999998182817966264e-01
6.924746974875009009e-01
-4.098183579603152937e-01
6.353256910484825215e-02
3.293780297714075656e-01
-1.758252967795753963e-01
1.000000000000000000e+00
7.056488464928510895e-01
-4.498055423991207946e-01
9.292642397995305448e-01
6.316212188278239603e-01
-1.296035003512067962e-01
-1.176573747626975808e-01
-6.086697897959800763e-01
-6.306802959763921912e-01
-4.850287746762350638e-01
-1.000000000000000000e+00
-1.338238323444591871e-01
-2.652899718465468459e-01
-2.121572317360770343e-01
1.000000000000000000e+00
-1.000000000000000000e+00
-2.904790004031549897e-02
5.088846028368197993e-01
7.510533644870354131e-01
6.277264203818664345e-01
2.469369034186957301e-01
1.095146216627703589e-01
-3.892748421690918614e-01
3.091448254653273997e-01
-4.994009479528913054e-01
-1.000000000000000000e+00
-4.488090848506541830e-01
-4.813973359965094678e-01
4.231159875235616097e-01
5.010031855067336171e-01
1.146887435946317702e-01
-9.064176150900440931e-02
-6.458272763764796309e-01
-5.139448745588182793e-02
1.475046502814542082e-01
3.033972945366815166e-01
9.787623006187109453e-01
-8.002602472878804774e-01
6.749063864808588775e-01
-4.648362111251048145e-01
-5.400007231476406933e-01
4.190342659227576094e-01
7.295141419728472520e-01
4.403787661548961285e-01
5.440633392733231766e-01
3.455405592046798674e-02
9.634385248456127648e-01
4.982921228454929019e-01
-6.940742368657424333e-01
-1.336152299871005145e-01
-1.000000000000000000e+00
1.523051592438733615e-01
3.385709886695343340e-01
4.630492598221870870e-01
1.000000000000000000e+00
2.295505988387466223e-01
-3.538389958152456938e-01
9.436066520529389212e-01
8.146043479764403239e-01
2.248899271705347494e-02
-9.617163122984959678e-01
7.334302991922611592e-02
-7.167113031160911030e-01
-8.284842491159466471e-01
-3.528700892836937886e-01
-6.116509695062100072e-02
3.420533108117579379e-01
4.073186722242359142e-02
-4.053727286281694209e-01
-9.392255195899720244e-01
-3.780398400417937510e-01
-3.915638561249328853e-01
-4.622970727293445048e-01
1.000000000000000000e+00
-7.903526672665156516e-01
1.715297674498441616e-01
-2.371605374773672614e-01
4.332112510192521748e-01
4.772396152796807844e-01
3.029478306727568203e-03
-5.310812099867172620e-01
-3.565897709423865303e-01
-6.913530329951163012e-01
-2.146364528520149917e-01
7.865940451733453020e-01
-3.114767551293305403e-01
7.324925234168805366e-02
9.272021875591941464e-01
7.520711342748706008e-01
-6.881930197716594755e-01
-3.847443865497153781e-01
-6.528555065528157675e-01
-4.149325072246434210e-01
-5.871333959722666584e-01
5.021045185139906275e-01
