-3.913182673905336584e-01
-1.719997717770828660e-01
5.085884156590579908e-01
3.653561229093387763e-01
-2.343952279899721436e+00
-1.645930739508468132e+00
9.476060872956191261e-01
6.060953636480961304e-01
4.024890615392053839e-01
-4.959669244277792322e-01
-9.940168716887530787e-01
-8.198532981056753099e-01
1.353122725597964093e+00
4.474328181543185678e-01
-1.119299644637123503e+00
-1.171235141434752380e+00
-2.194014275564280525e-01
3.171882067464812383e-02
3.642983160314740010e-01
1.377631344971189886e+00
7.171175559449489700e-01
1.960626081477801597e+00
1.693738616783961870e-01
8.991583413442332251e-01
9.115173748554052935e-01
3.704021610947669352e+00
-6.261869426145189044e-01
1.457380357563518469e+00
1.223801741215836958e-01
3.729380838475201965e-01
-8.550338076861799808e-01
6.234972086249220002e-02
-5.281017680776610712e-01
-6.126490853081933974e-01
-6.039343074198481043e-01
1.605341472408529313e+00
1.470786905436635150e+00
-1.812535691038426933e+00
2.669247324540048871e-01
-1.077792449046376388e+00
8.594622131963661760e-01
-7.774072238784744959e-01
-8.190171954284108935e-01
8.705455199174469416e-02
-1.852125079260936724e+00
-2.694363242515214196e-01
-1.094009170748860171e+00
-2.041391429982210570e-01
4.750457026099623448e-02
3.480518367584174988e-01
-2.965116971296404280e-01
-4.221048968269618951e-01
-2.521015935714915335e-01
1.696218487081422754e+00
5.612877886941292083e-01
1.334170559096743203e+00
5.604787788226870404e-01
7.529932137150816551e-01
-8.527977758747220527e-01
-5.777240766507871772e-01
-1.126231531506510786e+00
-4.089541333943116364e-01
-3.917236088010490058e-01
2.109872126338296461e+00
3.251981136161261610e+00
-4.768577275139274096e-01
-2.694265584662753898e-01
-1.302900947002877674e-01
-5.749225618731865772e-01
-2.200398307652003282e+00
-9.725936536142130162e-01
6.252283053150331504e-02
-2.223432485304341344e-01
1.062537264523472302e+00
-4.727083716925842977e-02
6.741028644891293720e-01
2.053062364405305318e-01
1.979988290353992486e+00
-1.970700860356425221e-01
5.835395664245773828e-01
1.870196289477947360e+00
2.124855758106446446e-01
-7.187959904255186716e-02
9.278043573029196578e-01
-4.071192221468248884e-01
-7.025952990984716262e-01
1.918596656474201856e-01
1.155816348654504777e+00
-3.014866811918249789e-01
7.221636627887871862e-01
1.825500344023084143e+00
-1.323105642719955899e+00
1.804849466236569944e-01
3.334238535550434257e+00
-8.043402693190967456e-01
-1.083938002891115415e+00
-1.056841967731752263e-01
-1.232422541576660979e-01
2.159801416817475617e-01
-1.553509656396977912e+00
7.169653032595491027e-01
1.084875361118236015e+00
1.488747567616139245e+00
5.185410635083943731e+00
-7.630641619255575936e-01
-8.503599150702851883e-01
-1.195308452133143629e+00
1.374165460767587055e+00
-1.540599266793511446e-01
-2.340880872233912224e-01
-3.145835839172123061e-01
1.518026229633408386e+00
9.356567272637016375e-01
5.950117903274297626e-02
-5.400769115797884323e-01
8.295872832212769499e-02
7.623471979403215748e-01
-1.128533616874036305e+00
-1.364336279608222013e-02
-4.520074340940734015e-01
-7.467270422881741032e-01
2.451330029061943860e-01
6.601315451364677678e-01
9.973190659194801633e-01
-8.696332704906410971e-01
6.549190711709735879e-01
3.455083075118205449e-01
-6.450878801721150468e-01
2.774918803428734648e+00
1.004735341639151347e+00
-9.683441510498606020e-01
7.934245138939459707e-01
-2.795762408816997002e+00
8.292957548838288950e-01
-1.073099058074664658e+00
6.185069584426163836e-01
4.227114091071458857e-01
1.129622826079519804e+00
1.289621910660114223e-01
2.945359280531360466e-02
-3.407339643569238241e-01
-1.866001085217846578e-01
-7.618211311787700946e-02
7.263604242521463916e-02
1.553427237648071640e-02
-4.034433249627760176e-01
2.199939480875901313e-02
4.676228358977709831e-01
-2.617720650667172855e+00
1.656684312793996083e+00
-5.388724266269189211e-01
-2.078456389201837062e-01
2.106668810456729268e+00
1.579420646135111461e+00
-1.107510627261828695e+00
9.085607809649414168e-01
4.489638859968666518e-01
-3.894126018588099925e+00
-1.578988911347925628e+00
1.103685838488291271e+00
6.451700236285994317e-01
1.406086322594199078e+00
-3.661675651271951271e+00
9.308488296335732937e-01
9.645130092831932789e-01
-1.736737590326398184e+00
-2.218740841997436375e-01
-6.669242322683235358e-01
3.614360094127512246e-01
9.734327545218131039e-01
4.342734757547435376e-02
-9.461839753868883207e+00
4.402514605026590644e-01
3.479717025567988231e-01
-6.983757167245165931e-01
8.896091204517355688e-01
-9.817021878809297775e-01
1.377015283609024809e+00
7.200335419769450240e-01
-8.858956650536156108e-01
6.736037473913618623e-01
2.560051805259981883e-01
1.000468900817506723e+00
8.882046087751277463e-02
5.559186210442567111e-01
2.595927597093070083e-01
-7.665862899408474318e-01
4.080494672188990091e-01
-1.873044406991375421e-01
1.168147569008454179e+00
-3.121604721268052551e-01
-2.477098794594154857e-02
-1.834891169977534098e+00
1.175891466715715428e+00
2.328996603861583470e+00
2.679433526504781393e-01
-1.637415335446231301e+00
4.854676937579789908e-01
6.416158414600664495e-01
-1.472117330877559249e+00
-3.850155021700793490e-02
2.997391835727710729e-01
-2.940997392142537414e+00
-8.749910080044387417e-01
-1.764940996407924345e-01
-2.135279507809383359e-01
-1.003339598669610727e-01
6.245237097994413844e-01
1.465677863775395995e+00
-7.907340558363484817e-02
-3.063346474545218801e+00
-1.230589390885440171e+00
-1.158853528625114926e+00
2.959225098282656230e-01
-1.288744864486088604e+00
4.033833747826806038e-01
1.549683777568426457e+00
-2.689217383744665901e-01
-2.687691294642668538e+00
9.655557909488526880e-01
1.658281493621061031e+00
5.392643232042357848e-01
-3.025893361065008502e-01
-5.046193047492169015e+00
-8.104886605963848023e-01
1.648938351165800120e-01
7.213756889560940522e-03
-2.565205938400357821e-01
6.221843582270917272e-01
6.355325660197548299e-01
-7.279899368119551184e-01
-2.790253875731864008e-01
8.744525021255076247e-01
-1.278546217176183553e-01
1.294261558960680514e+00
-6.550621480416661813e-01
-4.328384989938743876e-01
-5.178206699917247136e-01
9.674284324166642079e-01
-3.725242553652707844e-01
1.501659023699086493e-01
5.594078270595336244e-01
-5.117965405487511221e-01
-2.784207483363814947e-02
-5.579648623537851737e-01
-1.138151711415192224e+00
-4.424460739484139538e-01
-1.964716301582496993e-01
2.818054245182046724e-01
8.252427503995249936e-01
-1.054805287241138645e+00
-2.600843113588810832e-02
1.285987457928032374e+00
-6.700245087623598605e-01
1.499069304611030162e+00
-7.798723092526070599e-02
-9.336763580495449633e-01
6.834031579069660411e-02
5.218638431254059462e+00
2.448886153570313529e-01
-4.719769818100957859e-02
2.077109226932067898e+00
5.412580668358293323e-01
-1.009970210249937939e+00
2.514208340592583579e-01
