-2.487912276683619806e-01
-4.895529063938280911e-01
-3.500345479469460508e-01
6.806020286985766665e-01
-4.029299567547206529e-01
9.860221025087515523e-01
1.650530026081831192e-01
-9.894060772013482108e-01
-9.493515095967077766e-01
4.108625752091144556e-01
-6.290849441035951672e-01
-1.000000000000000000e+00
8.519329057041966080e-02
4.996753759808526540e-01
-1.425697702155049595e-01
3.739415281057928420e-01
9.523215372750187813e-01
6.594972180420977104e-01
-5.948821900008329777e-01
-4.397373422058195591e-01
-2.033750605824068136e-01
-6.481894436047321850e-01
-7.476492689531857305e-01
-2.047457999432473197e-01
7.451936201331338383e-02
8.381826192345493975e-01
6.700731539008016879e-01
2.145236337309226471e-01
4.358827098787669829e-01
7.723313081043227113e-01
-2.372926652884954635e-01
-2.957837399219144237e-01
-9.863377145411369451e-01
-7.205547063797572704e-01
3.401447624225931166e-01
-5.902766100969790708e-01
2.076631802055325937e-01
-1.724658203246049737e-01
-2.618125671651225228e-01
4.172490517414043643e-01
-2.331908537237994961e-01
-2.769604858199561370e-01
-1.000000000000000000e+00
6.288205816977556761e-01
-6.975976323771815313e-01
7.409869448559819327e-01
2.540835263995644411e-01
9.841408515910068933e-02
3.465486451762880282e-01
-1.000000000000000000e+00
3.806779172120195454e-01
-9.122965391505870603e-01
-8.626402912254268474e-01
8.859997950319837834e-01
-8.852579736564689661e-01
-7.747588881950631112e-01
-3.594972342067900284e-01
3.574578928923125565e-01
-3.547192786288697608e-01
-4.423841613562917718e-02
8.012511426000190617e-02
5.324792996751034346e-01
-3.273785267871137661e-02
-1.000000000000000000e+00
-4.367627497056492669e-01
-8.842226905671906056e-01
9.316779768656365812e-01
-1.130092360013825736e-01
5.332001988690046046e-01
-1.830864482481798228e-01
9.334295762942014241e-01
3.950507997137648886e-01
8.295967353275518485e-01
-1.000000000000000000e+00
3.000625190628752881e-01
5.703756699978563827e-01
8.489565317072341744e-01
5.002569873403051037e-01
-8.670933358339065755e-01
-6.489724430791361798e-02
1.000000000000000000e+00
2.814473258670782130e-01
5.299066583009826026e-01
-5.481829971931500428e-02
-1.000000000000000000e+00
-5.657550318891688690e-01
8.887142747219287653e-01
-3.706653855602652370e-01
-1.178447928111304999e-01
6.922319240066541202e-01
5.509579199058440846e-01
-9.269283772803776911e-01
-1.000000000000000000e+00
1.000000000000000000e+00
2.978747666234513383e-02
3.541395245625704180e-01
-3.313031438413001351e-03
-5.749321687611006482e-01
-1.000000000000000000e+00
1.000000000000000000e+00
9.565810231584767065e-01
4.723297770219199165e-01
6.152069585133068674e-01
1.601480922212867794e-02
1.585863759180997090e-01
3.299502998842222812e-02
4.103362942297213989e-01
-2.213519474307837354e-01
6.423499674534780546e-01
8.777406556063636067e-01
-8.607157301345766953e-01
-1.685577298458958984e-01
8.115468916449174452e-01
-8.983932199777869831e-01
4.313883187982883727e-01
-1.457872465791850147e-01
2.820026225032760125e-01
1.453956402619507315e-01
-1.000000000000000000e+00
-2.773147887446174020e-01
-9.989970573391184772e-01
5.346765080709955376e-01
-6.191996900619606281e-01
-2.418608823236870209e-01
7.015634387475150335e-01
3.757000007580996170e-01
-5.455988779407019429e-01
-9.940720385741407261e-01
-7.915120577131463664e-01
-4.161655808876349449e-01
-1.000000000000000000e+00
-2.416364671412900011e-01
-1.217647614451727728e-01
3.020996353242664245e-01
-3.226745562326541750e-01
-7.640413269742343250e-01
-3.041444857627043641e-01
4.028195599622487189e-01
9.512647984671274148e-01
-6.424557987765242562e-01
1.498207629991275547e-01
-9.434954179570338439e-01
-1.954259711345472661e-01
-8.839316989383887435e-01
-1.958520081857761386e-01
2.892944560315843239e-01
-5.126114332527716977e-01
-1.000000000000000000e+00
3.303255489060025196e-02
7.263492350559821453e-01
-3.144118441552561094e-02
1.866577889164258708e-02
-4.235834912271809749e-01
8.967137234664380729e-01
9.538270892791698985e-02
9.610323029984372267e-01
-3.057566674608723223e-01
7.651180582843009059e-01
-9.844698733057016815e-02
3.346749825040857829e-01
2.631200017643882116e-01
6.272592162101133795e-01
-1.738555133230126892e-01
-4.887722618065484803e-02
3.633714312220036047e-01
2.933661886636812488e-01
-5.688980954481082097e-01
3.019652608342855704e-02
-3.388730383625407350e-01
-1.838692969840444169e-02
1.820633133127424474e-01
-5.100632634210409133e-01
-2.844816878717696951e-01
-5.936497198514674167e-01
4.490399147277607250e-01
-5.589383844774664656e-02
1.406331873107684038e-01
8.149733106759682322e-01
7.888402436028429943e-02
4.524545336923702088e-03
-1.000000000000000000e+00
-3.263690723425928808e-01
-3.651222898231125669e-01
6.493288085272374000e-01
-1.000000000000000000e+00
4.887847165326477672e-01
-3.600870774602328295e-01
6.286189833130418902e-01
1.304473520289623489e-01
1.530472679472305031e-01
4.749261464470619920e-01
1.683137907693504909e-01
-9.819572673596541623e-01
-5.623606850828324344e-01
-5.830817540421761036e-01
9.095286833544560245e-01
3.409524681657893908e-01
-6.831799149909820734e-01
9.781263978865109010e-01
1.000000000000000000e+00
-6.598006531622599424e-02
2.106853489513349498e-01
-1.660027979151318389e-01
-6.343662263238690757e-01
-3.140767090157131625e-01
-5.740060983161352492e-01
-1.981703579826059047e-01
-5.932444221098142068e-01
-9.496531452312839683e-01
-9.871800441415983229e-01
2.195542705556329244e-01
2.621795382044073142e-01
5.414933821106593381e-01
3.127616048025294582e-01
2.087976750810903170e-01
-4.479899819469155275e-01
-5.672375864999441575e-01
4.204234498733722680e-01
-1.630570421074612475e-01
-5.580139330649349638e-01
-8.682411413577351134e-01
-1.000000000000000000e+00
9.425129611616956948e-01
-6.543120154393353705e-01
3.287838651883795982e-01
-9.986595099788250218e-01
-3.449203568221880234e-01
-4.182104881954882281e-01
4.331782407337981811e-01
-1.000000000000000000e+00
9.999545387034114441e-01
-4.953314328207558681e-02
3.111911584589622387e-02
1.000000000000000000e+00
9.182721682869692259e-01
3.257375578020194618e-01
4.564863658312761641e-01
-5.792513704752965120e-01
1.335888914146948769e-01
5.653875493848549150e-01
-1.925345197362720584e-01
2.247019764164877031e-01
-5.012445081277296932e-01
-4.847157547442438874e-01
-4.198738080620630919e-01
-6.146668976339374479e-01
6.997499908575899319e-02
1.000000000000000000e+00
5.427026728526866961e-01
2.253259995859138720e-01
1.000000000000000000e+00
2.204975823216396846e-01
-1.735476676980862165e-01
-5.175238294427558783e-01
8.499440914330408381e-01
-6.432438176678433317e-01
-3.407082471366951748e-01
4.896180860446965322e-01
-6.243961882749243797e-02
9.623680990784070355e-01
-7.231450297551559325e-01
-5.403314944523682772e-01
1.000000000000000000e+00
2.363708199934682341e-01
-8.301709762890686628e-01
