-2.649674341784107323e-01
2.650503247923008399e-02
8.147722422818582944e-01
-2.495311651411591392e-02
-4.112917266887679557e-01
3.202583530124783473e-01
6.435823288061414127e-01
-3.604280254369188197e-01
-1.000000000000000000e+00
9.504596806965363021e-01
-1.000000000000000000e+00
4.438027254420781054e-01
2.748443105410640006e-04
4.397507993269534343e-01
-3.923363925482993286e-01
1.488632452860393918e-01
1.000000000000000000e+00
4.965595096268092257e-01
-2.327852840639289544e-01
-3.400244268461738439e-01
-1.194870873698158087e-01
-4.184989810320506876e-01
-1.533992241226259656e-01
-8.672518227643251087e-01
1.014187719115609565e-01
7.820275431671930289e-01
6.556104280164458675e-01
3.429859246321043109e-01
-7.458741176042400778e-03
1.000000000000000000e+00
-3.938963437701597514e-01
-3.058592063755972146e-01
-4.749281157607558868e-01
-6.683870198062054069e-01
-5.425275226624967084e-01
2.653609447421212408e-02
2.923427885838127127e-02
2.069148978716204290e-01
-2.664158751994026297e-01
2.821313350219387117e-02
-1.129868071484165931e-01
-2.379780937041757125e-02
-1.000000000000000000e+00
2.921728863133923326e-01
-8.836592484494308897e-01
1.000000000000000000e+00
1.094246948854964013e-01
6.160351469791129908e-01
8.475288798599704965e-01
-1.000000000000000000e+00
2.998349345222799944e-01
-1.000000000000000000e+00
-1.000000000000000000e+00
6.188062397855556007e-01
-1.000000000000000000e+00
-9.068801980443492727e-01
-2.617052300559344347e-01
-9.731082477135397646e-01
-5.491762161671225329e-01
1.000000000000000000e+00
1.000000000000000000e+00
5.584234532087339886e-02
-5.573264404613274825e-02
-1.000000000000000000e+00
3.585276590374890104e-01
-8.346536239289867876e-01
8.850128720546788230e-01
-9.464181946502732146e-01
7.262742624941364022e-01
1.980818993044300425e-02
1.000000000000000000e+00
5.153139374883292101e-01
1.000000000000000000e+00
-1.000000000000000000e+00
-3.159805469692145707e-01
3.571909392679507578e-01
1.383640793931629198e-01
2.049223432292447966e-01
-1.752681902050695628e-01
-1.000000000000000000e+00
7.144278915136694774e-01
-3.266261565298893554e-01
2.867820539052240436e-01
-1.000000000000000000e+00
-1.000000000000000000e+00
-5.764585016113195071e-01
4.692734677474475480e-01
-1.480205893422065488e-01
-1.190528439004668176e-01
7.191051002021967564e-01
8.620555773236900921e-01
-8.947983551058950047e-01
-1.948260772827261830e-02
1.000000000000000000e+00
8.232077385951115656e-02
5.897032292341457538e-01
-3.619765420673851652e-01
-4.887551080701096340e-01
-8.680591002419640878e-02
8.149271897231589179e-01
8.190101712062118899e-01
-9.734561503808767391e-01
5.770356833475622782e-01
-1.000000000000000000e+00
1.959549976132649862e-01
8.894357335544569865e-02
1.000000000000000000e+00
-5.188242510133906915e-01
5.004663844906004355e-01
-1.616178789557996542e-01
-1.000000000000000000e+00
-3.694526561183895108e-01
7.361542446990159139e-01
9.985957630178856625e-01
1.928486584981862206e-01
-3.134133849438183739e-01
2.937046080846512086e-01
2.444742034248262030e-01
-9.908009688974012130e-01
9.141362436300271010e-02
-1.000000000000000000e+00
1.676687657898782158e-01
-5.443041687773013670e-01
-2.665197528001516658e-01
-1.632785350940791358e-01
1.867323527455619081e-01
-7.445171163869692688e-01
-6.522287981376617694e-01
-8.531286331285321545e-01
6.174574049082826033e-01
-1.000000000000000000e+00
8.879024022600969790e-01
-6.335906947655863819e-01
1.000000000000000000e+00
-2.683488274462151324e-01
-3.959105783437973369e-01
-4.792780877282492025e-01
4.504002377222695447e-02
1.000000000000000000e+00
-6.638872115051898115e-01
4.247048655891276780e-01
-2.307403941982515416e-01
4.281024058699780532e-01
-9.084976143373751922e-01
-6.110033970789539859e-02
4.445103443141651955e-01
-5.898762784714978169e-01
-1.000000000000000000e+00
1.244357483436128731e-01
6.840460345324068658e-01
2.205414649639237390e-01
2.006607621735199687e-01
2.963678643857732276e-01
1.522573843021374773e-01
1.221402838089362120e-01
9.498748215823938912e-01
-8.911264014260830146e-01
-1.000000000000000000e+00
-6.908543947179476286e-01
1.124602614674216627e-03
-6.543094885522725557e-01
1.000000000000000000e+00
-8.190342804479130989e-02
-9.287355046075274068e-02
4.742506646168865858e-01
-5.806264218769288110e-01
-5.773956895120969934e-02
-3.835806712271357943e-01
1.000000000000000000e+00
4.873338627023578451e-01
2.247349660034652363e-01
4.716296130980957013e-02
6.431331219589794812e-02
-1.961054767466640369e-01
5.298455464190090503e-01
4.193320783998724655e-01
6.073362996463028962e-02
1.000000000000000000e+00
1.426453022973753204e-01
3.444935353339953488e-01
-8.702378142195663635e-01
7.680537786251782073e-01
-4.085349633926508850e-01
1.000000000000000000e+00
-1.000000000000000000e+00
1.060976647372115500e-01
-3.639220449756963571e-01
-5.836084561407179905e-01
-2.503451916888569384e-01
-1.000000000000000000e+00
8.879600386787107613e-01
2.733514102927513401e-01
-7.846982621724833962e-01
-1.000000000000000000e+00
-8.431186196978617264e-01
7.453367203642640160e-01
3.531364849959640201e-02
-4.356823254037025389e-02
5.396611969699973699e-01
2.262096018594071389e-01
1.583329210108102847e-01
2.910733922722390510e-01
-4.870601581525170753e-01
-6.684509621568317517e-01
1.433142961131713133e-01
-8.956027682259564138e-01
9.657561262193605778e-01
-6.377918146986083503e-01
-4.062667998405528058e-01
-1.000000000000000000e+00
5.877593163024970035e-01
2.549860810085746166e-01
1.861104692347369804e-01
8.839831484939730810e-01
-1.000000000000000000e+00
-1.000000000000000000e+00
-4.458936291113608785e-01
7.487197500308409026e-01
-2.910247671242223166e-01
-1.000000000000000000e+00
-9.598667907602229654e-01
-8.064919910245160750e-01
-1.000000000000000000e+00
-1.737832430991627652e-01
4.027217472239456031e-01
-5.571972970321065199e-01
-2.074260263815962124e-02
1.729172484597197301e-01
1.000000000000000000e+00
-1.000000000000000000e+00
6.380533624247463065e-01
-1.000000000000000000e+00
4.048267647166982064e-01
4.454419110410167137e-01
9.135148235326948640e-01
4.600974456075657693e-01
9.296087717764505154e-01
-6.605977017760398251e-01
-3.280182069469280148e-01
1.000000000000000000e+00
-1.340388846785255106e-01
-9.163848108189110997e-01
-1.000000000000000000e+00
-4.367563015441711105e-01
-8.588214162669538521e-01
-4.287678351414524469e-01
8.028544559890937737e-02
6.167864376504265111e-01
5.004927421255080944e-01
4.313217794454000109e-01
9.505664011161722993e-01
-2.398614667358220098e-01
1.000000000000000000e+00
-6.379335376581172223e-01
4.672574428675218550e-01
-5.490994324851550257e-01
-9.681623547327735668e-01
1.000000000000000000e+00
-1.315566497895567510e-01
1.000000000000000000e+00
-7.123866406497483261e-01
-4.045478185364254076e-01
9.394754472528821232e-01
1.824877085950520061e-02
-1.000000000000000000e+00
