-8.964783878032351883e-01
-3.556511112554768816e-01
5.125103566261535182e-01
1.582184142688314310e+00
-2.137302674555711934e-02
4.639957205824206121e-01
-5.357216358097056652e-01
3.779954747824595396e-01
4.678705122065840993e-01
-2.789818693408295802e-01
1.934795946830149438e+00
6.970027844264156114e-01
5.190745080634493469e-01
1.447446034370489576e+00
-1.968202041659588564e-01
-1.143927236791674185e+00
8.098948333960818147e-01
-5.509377296398904056e-01
-3.184466604404858070e-01
-8.582546432117232893e-01
-1.260238017503017768e-02
-1.019414642475479221e-01
1.038204787518053784e+00
-4.011290523287612819e-01
-2.967557388535026486e-01
6.616735903214483461e-01
7.860952829827769772e-01
3.463266733865580371e-01
-4.373638937482268729e-01
-9.361153087704818243e-02
4.769953654526128406e-01
8.176275455073098164e-02
4.730045205845996303e-01
3.996158149605204546e-01
-3.132584680314390302e-01
-2.484853418263587299e-01
-4.794444518837275848e-01
-6.392607308896991469e-01
2.774287049461045540e-01
4.235718347058573530e-01
1.024128800900566127e-01
3.048066209953081418e-01
8.441466705767821654e-01
-2.815025750363352453e-01
5.886617501545555742e-01
5.517983253745821770e-01
4.980559013882738251e-01
-4.238301993841281923e-01
-7.590573524932885119e-02
7.714289049075997995e-02
-7.800546071475027432e-01
-4.789152948381208974e-01
1.258424804598334390e+00
-3.330609703638666708e-01
7.308794766353811090e-01
5.512360264445370639e-01
-1.144362594297077956e-01
2.513142390580248575e-01
-1.082531126055380211e-01
-8.012426709268787306e-01
-3.928629273917359499e-01
1.767955736648136600e-01
-3.340068939463161635e-02
1.802767108625365766e-01
4.392108794260687343e-01
-1.397801017017391845e-01
-5.900926112966178305e-01
5.666919420501592697e-01
1.791803997186804498e+00
-2.144132179366332047e-01
1.201467014089326601e-01
3.577659208309916794e-01
-5.024083058358507214e-01
4.156603835716601858e-02
1.070172637028812962e-01
7.946522934116906356e-01
1.000888693485691538e+00
-9.246042504668864348e-01
-1.488987442445506515e+00
-4.629814927674869018e-01
9.095013272720577913e-01
-5.886564658721002985e-01
-4.329590370247423659e-01
1.322660112287312728e+00
1.581722447707706536e+00
9.746645864774532431e-01
9.932296675559212362e-01
2.699330465865245610e-01
7.494832728693531232e-01
-1.976995588782360924e-01
1.033961892534551452e-01
6.049579623231833292e-01
-3.310415128718156019e-01
-2.400838396850224765e-01
7.213318782281265273e-02
-9.495126143061801555e-03
4.091559275940346782e-03
-4.134350297921515205e-01
-8.686747684664175573e-02
-1.007030596579718607e+00
-1.097494162767375658e-01
-8.522955352818363528e-03
-9.153934485850651059e-01
6.133762686157936406e-01
-2.638459107655473979e+00
1.406800546664170870e-01
1.435978431104258712e+00
-1.772413866789568804e+00
5.118966086318259279e-02
-2.889722874478137249e-01
3.371257841814173095e-01
-6.418084458424845318e-01
9.920707941503829896e-02
-4.040666988909838442e-01
2.847215848346270617e-01
6.425159160055218255e-01
-2.558514887870260157e-01
6.822943011878698782e-02
4.619651135059000824e-01
1.374424922524377368e-01
-1.538936504713638964e+00
3.657446828340239486e-01
-3.877221952404601435e-01
3.895606581650502553e-01
-9.271092539152090417e-01
-4.135980471685067883e-01
4.892148183710855885e-02
2.790177831968655431e-01
-8.370448487347830202e-01
3.325263169505755512e-01
1.072865751974436455e+00
-1.049021682180425463e-01
2.057092744691652042e-01
-1.151108631460847853e+00
2.063888775918944207e-01
2.025846919957686731e-01
3.280773461702051197e-01
1.110363232854218785e+00
-2.334793032177479855e-01
-1.415468617140719920e-01
7.702098907180531251e-01
3.883454129385272013e-01
-2.250426223276745796e-01
-7.405725336364162859e-01
-3.638759575820307846e-01
2.895612760668758029e-02
-8.149588492974110462e-03
4.398015708495467413e-01
-4.325463859151778001e-01
-3.481169368001821862e-01
-1.046598945238414735e-01
-9.977240221564115386e-01
-2.335631015221719675e-01
-9.630374329152268098e-01
-7.576887345204099677e-01
-1.046218695358713813e+00
-6.997974427421281562e-02
4.086173702624024129e-01
-2.253641181553933323e-02
-9.585787896257043084e-01
3.667695093656380134e-01
-2.011014269121952913e-01
-5.554566841937580435e-01
4.059031100237875389e-01
-6.673033341451851674e-01
6.615432705479711295e-01
1.802392795464927144e-01
-3.147545799976956271e-01
-3.768752779865699454e-01
9.068386111850864628e-01
-4.383588777160182803e-01
-9.409993150582064425e-01
-3.988243216947101599e-01
3.366078348830695566e-01
-1.086035924046248498e-02
-2.803086416094215938e-01
7.618413975232170010e-01
-9.295807778794015208e-01
-7.213345488593487786e-01
-2.956877971261386365e-02
3.108024739730930741e-01
-1.529422364696988668e+00
-4.711720322332415556e-01
2.793759114947624855e-01
2.555646984676399058e-01
-6.164146608427112373e-01
2.997291581000426919e-01
-2.518042016807706673e-01
4.242131697187551120e-01
3.061583982981714303e-01
6.445728421868364144e-01
-3.590106692949534550e-01
-4.408149901282296668e-01
-3.107051808430656425e-01
1.409398713248998236e-01
8.081323915332911945e-01
-5.202497905138817602e-01
2.942966081653940469e-01
2.247757100917338602e-01
1.137119493611388865e+00
7.394173758040523126e-01
-7.131509208514736908e-01
-5.806149346527540445e-01
1.180192402155278431e-01
7.890608421943947626e-01
-3.675120671223409685e-01
-9.864065858235793183e-01
5.526280669087539898e-01
-1.482575727950894984e-01
-7.251518202036406624e-01
-7.721599314139768744e-01
4.067779008800178064e-01
-1.446685613624630884e-01
3.200221395737773977e-01
1.024356315993206534e+00
-8.246680642036677278e-02
7.506497809699996804e-01
-4.220975818730873241e-01
1.106378902609395753e+00
2.311875123791141129e-01
5.886774489578747716e-01
-1.504832260902943045e-02
6.335880297845408737e-01
1.030668898710173309e+00
4.777824066626608079e-01
-4.679501960697030616e-01
3.519929165674055005e-01
7.795123684142283293e-01
-3.751270194661133761e-01
-3.163840111529839794e-01
-4.293150582280214067e-01
-1.121830676143884986e+00
-1.601392350372381479e-01
1.422269948750063684e-01
1.276923472617313315e+00
4.334998101898491774e-01
7.968266781021382528e-02
-1.234068348399285260e-02
3.353674303099608012e-01
4.331880691327996691e-01
-2.555735294837285787e-01
1.102534553201129502e-03
3.853413255249926173e-01
3.843331342648262372e-01
3.259079186700304387e-01
-4.739043899738140664e-01
-7.996924024076335416e-03
9.161332558994844666e-01
-1.849557740932303296e-01
-2.115629630213446133e-02
2.502178338716100695e-02
-6.779371824326805296e-01
6.606041817706860275e-01
-7.134709784336211724e-01
-1.216885212274379846e+00
-3.387451607401490983e-01
-3.939377219303147881e-01
-1.985518878639235679e-02
-4.954515695354894805e-02
-9.310031993422884788e-01
-1.458755632981101891e-01
1.263855392212615003e-01
-7.891745407230986720e-01
-1.380979540089872781e-01
-6.351839972709083515e-01
