-4.814916486201877843e-01
-1.864877868160529362e+00
3.996375307801794285e+00
6.538396452943855408e-01
-5.176876160373715674e-01
1.467945505251259108e-01
3.898690151389411218e-01
-1.273179036301420819e+00
5.317434045428441891e-01
5.686290152587740732e-01
8.933000324411135562e-01
8.283755846085634478e-02
1.384189370679228259e-01
-2.235816612683284021e-01
-1.320358212999918290e+00
5.551943633787821408e-01
8.554860699760260534e-01
4.632057613554444453e-01
8.112540686815328250e-02
1.181734519536306038e+00
-4.106704859114420625e-01
-5.459754067829640511e-02
8.889725982337997046e-01
3.637785500787522608e-01
-1.144939427373419250e+00
-1.037141682249402619e+00
9.224783274627639251e-01
6.231506409085765252e-01
-1.803076145929973784e-01
1.459063632442375025e-01
4.308825404012509575e-01
1.405806496428618324e+00
3.706338227605003866e-01
-8.036104201039451222e-02
1.784554782385823435e+00
2.478957581215343708e+00
-6.076388387838045357e-01
-7.135467694145014583e-01
2.294437518727905800e+00
1.723972071097291670e-01
8.242744387112821425e-01
-4.479097372100846464e-01
-2.312923578552739112e-01
2.177674647442988942e-01
-2.394037156609967743e-01
2.421458253977464836e-01
-7.703329909365504991e-01
-7.578398674704994731e-02
1.154194365850290005e+00
7.636957451356761739e-01
-4.354636103308930917e-01
2.723004030922694385e-01
-7.683254629409694836e-01
9.555163069646770424e-01
1.405718817749344596e-01
-6.260192759605339059e-03
-7.503702102907456872e-01
-4.300806897509734661e-01
-5.940576934408195453e-02
-3.187336593654750416e-01
6.184417628683422929e-01
-1.296808548986957410e+00
-5.814324898187508417e-01
-1.969560595889147114e-01
-9.052229222627221350e-02
6.667073427179002199e-01
-7.221196006076774365e-02
-8.878944301279558804e-01
4.085324136791228522e-01
6.496937415234957935e-01
5.667944411000733207e-02
8.067975189134339864e-01
-6.627270443258155286e-01
-1.353512950267158343e-01
-3.849276475557394939e-01
1.350245393606498645e+00
-1.570473665447091438e+00
3.260886599712276457e+00
7.380690485239254084e-01
3.774576929133607317e-01
-2.249483447668031433e-01
-8.810713903246070178e-01
7.899367413957114614e-02
7.429275589087971920e-02
-1.246899784805036937e+00
2.169407978830656392e-01
-7.828226480697157985e-01
-5.351070255431699119e-01
-7.887564015652432925e-01
-1.551927754155512373e-01
-9.295210788020260573e-01
1.266912143416117242e+00
-3.899830231074279396e-01
-1.459117369869460390e+00
-8.576416603192060784e-01
1.355963438189994319e-01
4.911448497685767522e-01
1.253607457894227117e+00
-1.134196466098988498e+00
-3.393255166267795664e-01
-3.285760569170990686e-01
-1.333232722215242916e+00
-6.999499021316691882e-01
-4.054899347183798519e-01
3.016305192557390269e-01
4.677608847154328675e-01
-1.082603964788111828e+00
3.939988994818933166e-01
1.562333086336762378e-01
3.827782419566692074e-01
8.287164635511300448e-01
2.694497005311538018e+00
-3.924713298869969558e-01
-8.196463136049516596e-01
-7.361070826738973505e-01
1.793119712869011728e+00
2.615082319277402423e+00
6.488603541172324740e-02
3.466288340689102077e-01
1.463238979079050317e+00
-6.443648781543555304e-03
-9.259754732094006568e-01
-3.022043339154654173e-01
3.908129711112883209e-01
9.203493119050684679e-02
8.686626658578777693e-01
-1.961730831121490937e+00
-1.987316585630063415e-01
-1.366088411136297531e-01
-2.320290230020255751e-01
1.825299002586464048e-01
-3.523916717578108870e-01
-7.222046933992460893e-01
7.179617876403582288e-02
6.000952414478630814e-01
-7.441839747396386540e-03
-2.481531367067811300e-01
-1.314554639937619007e-01
-2.211580684978781686e-01
9.264114729711919738e-03
6.928139774992558841e-01
-9.560875363868381882e-01
-1.537383406214444803e-01
4.472407393045532142e-01
4.011259640157724959e-01
-7.262368246583419951e-02
5.802198696583454884e-02
9.204574342314515434e-01
-9.265092331362811962e-01
6.152310901364359541e-01
-8.032643259379662615e-02
-3.518115329779957223e-01
-7.623741356824011994e-01
-5.209695510627184722e-01
5.668131706648381340e-02
-3.376485137763990396e-01
7.175950496201924933e-01
-1.248408722296533213e+00
2.927307474173292956e-01
3.662137596182537536e-01
-9.592603598883795435e-01
1.593463646816621893e-01
6.710348913732691045e-01
7.957723534333299709e-01
7.576300215279343497e-01
7.662907276102324250e-01
1.300011582677766953e+00
-5.816967450973294790e-02
5.623723638365419886e-01
2.353454061969050826e-01
-1.290298011727480043e+00
8.049597332833882124e-01
-1.513703327511792818e+00
7.105158263356456949e-01
4.874115017886645473e-01
-9.792333972612361492e-01
1.679419188554054365e+00
5.102625798520148415e-01
3.079725914738744130e+00
-1.829850231043765318e-01
4.888906345710891110e-01
2.890386241192594019e-01
3.130828538251160253e-01
-9.303428383505530919e-01
5.996054101609271658e-01
-3.475243312620324154e-01
-1.259230078598857716e+00
-5.794877460534892943e-01
2.451655527873760065e-01
-8.878444431255732017e-01
4.870444454593407801e-01
-2.220185706831351302e-01
-8.957576459613570963e-01
-4.735231777765431804e-01
-4.700934877734578299e-01
9.640136464209865252e-01
5.547540082207385037e-01
9.757942630871196954e-01
4.528842391254441768e-01
1.073495356493868069e+00
8.210175778974537764e-01
2.579403415763790730e-01
2.767429486429948682e-01
-7.523432850254798687e-01
1.373410033728286184e+00
-5.368528501154969934e-01
-6.660746956945103395e-03
-8.075717157307112926e-01
3.283954941239221326e-02
8.809183752406242185e-01
-3.284186783423923561e-01
6.414292528792810977e-01
3.522796791324503962e-01
4.769262593165295994e-01
8.792789324576182342e-01
-6.914456647989104532e-01
2.168235382440996672e-01
-1.021700319922707267e+00
2.830971092982016435e-01
-9.051681446417204624e-01
2.209552807729046275e+00
-1.922826168151371640e+00
9.863036142746967050e-01
3.769984640024385270e-01
1.581842329345910958e+00
-1.756434900031401014e+00
-1.006487741753800513e+00
6.568308876839601407e-01
-8.269503943423652803e-01
2.306350675590579935e-01
7.976254098821795591e-01
-3.374767510063310105e-01
-9.140812220630570861e-01
2.395977272693585736e-01
1.969054822897506329e-01
-4.511668606464117603e-01
-1.433512040272675758e+00
1.162623730971256819e+00
-1.242397589259573110e+00
-7.356768308520997279e-02
-9.744158000381386575e-01
-3.122322932432979314e-01
1.080467761766744417e+00
-6.628126962134710254e-02
6.258203061859850536e-01
-7.182713408423093693e-01
-2.249312686243493675e-01
4.027378669584891213e-02
1.095584881607176264e+00
1.164146422687065419e-01
-2.468790005911153940e-01
5.668761992371119662e-01
2.877767717257215807e-01
-6.204822129763811756e-01
1.432645442814367565e-01
4.289412241441632467e-01
7.857141119034030119e-01
-5.248548375840567104e-02
7.700234917013849545e-01
-7.065995997610937662e-01
-6.831169938495444960e-01
4.778086572145451294e-01
-1.288295297238475801e+00
2.489100563351445583e+00
3.047560366151023103e-01
