-9.813907974473184970e-01
2.460154423977279625e-01
5.932598153961747833e-01
-9.526423170291780096e-01
8.924431076375678451e-01
6.858274160129969044e-01
-1.376329842407928439e-01
7.530347439643236829e-02
3.569514134590364152e-01
-5.030074827035494467e-01
-3.966831646331477890e-01
4.807056656949624251e-01
-9.720949729590049326e-01
2.853971198449726798e-01
5.382883514035563532e-01
1.376451672134304527e-01
-2.917572489496528254e-01
-2.957574654277735915e-01
2.645103626227169880e-01
-3.818240830578332190e-01
-4.700426174416011404e-01
-4.031367136077275148e-01
-9.671481938731512074e-01
3.531723354126544145e-01
7.039573143557080748e-01
1.003787330947880085e-01
-2.969284825533094474e-01
4.116800128016712690e-01
-6.453940023559833206e-01
-4.892101304839081843e-02
-4.493531318184906254e-01
1.002303880609756170e+00
-4.916308935881859021e-01
-8.116728303619835660e-01
4.692767498193100573e-01
1.492221622856129970e-01
5.714081430429933661e-01
-2.608433617128783411e+00
-1.647992892564725288e-03
-3.198947690988183656e-01
2.123060709504526411e+00
-1.103458159260096938e+00
1.580320886897324251e-01
1.649552952189222432e-01
-1.027056705786773216e+00
-4.501061481338787806e-01
4.643221612221366534e-01
9.057461193853360015e-01
1.058171992993991728e-01
4.432941183762520443e-02
4.895527913279615340e-01
1.057523604227765368e+00
-2.600476465831553230e-01
-1.970362196263589216e-01
-6.903097925752174069e-01
8.867724636085977732e-05
1.883960095937760593e-01
-4.414057974633460724e-01
8.683025845853417635e-02
5.294913373643610477e-01
-4.211311466541075577e-01
-5.158094134058033298e-01
-4.373056913719196581e-01
-1.126979988404312349e+00
3.710201478612518144e-01
-7.725232620007432827e-01
2.535075646360333557e-01
3.774870817750664020e-01
-4.380291525233823702e-01
-7.684673962442836181e-01
2.651413621012693733e-01
2.247248136855826972e-01
-1.132992622297784635e+00
1.085336484335096330e+00
-3.342911631939705086e-01
3.332367995666266625e-01
-3.852414222733356597e-02
-7.407795877999434619e-01
1.216631008464004626e+00
-1.654004018733974402e-01
2.041613804507718122e-01
-6.721331990026175873e-01
-9.205418356461654295e-01
-4.381862525468104841e-01
8.421860777823603206e-01
-1.025175392472056135e+00
-5.369159299501683469e-01
-6.492708662715646062e-01
2.242152863063707480e-01
6.073007403355299427e-01
-5.175872085089617824e-01
1.114788712108937263e+00
8.820920076904970042e-01
5.202287724642891131e-01
-5.035595123337813228e-02
-5.530096685578611559e-02
-2.474901981729992970e-02
-3.078287431165467880e-01
7.032060742684921317e-01
7.281905472281426928e-01
2.132666045431652613e-01
3.606010851794598793e-01
8.749791335470840092e-01
-4.722903557589483992e-01
1.924319450944997900e-01
1.150362387612867909e+00
-8.669057550134227075e-01
2.736477796547706273e-02
9.737020129382115696e-01
-2.006436643293355859e-01
4.869443928143984968e-01
-4.444223531546727113e-01
6.540746862832111930e-01
4.480872290948609282e-01
3.292706721072248266e-01
-3.221029230506262664e-01
2.444101911108636227e-01
-1.352947901258045316e-01
-2.952535042159695755e-01
-3.098950409617869939e-01
-3.756874099363460839e-01
-6.158381366304019888e-01
6.901489755328125142e-01
8.124376089865208428e-01
5.733245217018561046e-01
6.012546152311457615e-01
5.214972851412916777e-01
-2.125472988334108360e-01
8.589772963035237074e-01
2.480087478242434529e-01
-1.913485189712017531e-01
-1.077742560415985706e-01
7.987416678573966422e-01
1.018319789944536646e+00
1.731715240842142400e-02
5.564055615811958067e-01
2.668371189962781553e-01
-2.885404259976074859e-01
4.723139597943971646e-01
-7.834101843511916963e-01
1.124091781460530015e+00
6.424956016257411529e-01
-4.803528096083550802e-01
5.275420239415450352e-01
-8.830552211057071110e-01
2.549342432646367618e-01
4.301355945341901466e-01
6.017249513174655062e-01
7.243436434274239111e-02
-2.667164897497502629e-01
-1.504659542104043846e+00
1.837388998576963584e+00
3.572537058116359576e-01
8.056898352614818570e-01
4.528408442807249634e-01
3.344813931374667204e-01
-3.325154824099013640e-01
-1.135247632941661866e+00
3.144122369725767530e-01
-5.819012805021039902e-01
6.718036695098953404e-01
1.292785428864087205e+00
-8.183083537596242962e-01
4.299637859060834177e-02
-4.269572718195268068e-01
-4.747289446182932915e-01
-2.474518224276604172e+00
8.812594930503743207e-01
-3.582789507902787163e-01
9.467422639600677758e-01
2.670217526724664170e-01
-6.308817678757405734e-01
-1.010855007320135890e+00
2.102104781043379611e-01
-1.150725415345634106e+00
-6.318008385455164966e-01
-3.429459957647414958e-01
-6.960744864516531516e-01
1.410149147677233206e-01
-1.111223844848534981e+00
-1.549374291634812550e+00
-6.421414672007877966e-01
2.346220067178176549e+00
-1.984476012532070954e-01
-6.062441172698810332e-01
6.783927617125716514e-02
1.612409832950017219e-01
-4.451627023006881484e-02
-9.725872805316517766e-01
-8.128168573585772272e-01
1.194300004248200070e-01
8.170642738051959730e-01
8.662588019354923174e-01
-2.125727440442085753e-02
-1.422057720173497408e+00
1.848717452167750186e-02
1.907937139224561429e-01
-3.186543102033081304e-02
2.876918370232187661e-01
-1.290053612453933851e-01
-1.037234675190257813e-03
-2.896283829828172895e-01
-8.460385490492609017e-01
1.826126085300080470e-01
-1.072683021232047340e-01
1.367962009451356709e+00
1.529178871122665595e-01
-3.776034916111334905e-01
4.740190543882861207e-01
4.212428334256379525e-01
2.853616650087318907e-01
6.923284384321365392e-02
5.781167546745877295e-02
8.613491564348720875e-01
3.425964846764003591e-01
-7.092866375454945360e-02
4.320265364960616805e-02
-4.536980777745727722e-01
3.837941811291547545e-01
1.284691887243192943e+00
-2.987477607566031423e-01
1.108293156276912161e-01
4.431464201064758690e-01
-1.225955943525225411e+00
-6.062980356820754091e-01
-3.951170744667872325e-01
-2.617263541753630518e-01
8.337924715547370136e-01
3.319214212086399329e-01
3.353581069926461211e-01
-4.965833654865046132e-01
-3.633602581175596757e-01
-6.870902144063424366e-01
-4.342146282588484063e-02
9.290250080466409821e-02
-7.462611920434176760e-01
5.658587313749730008e-01
9.800610348320958343e-01
3.743689096159070195e-01
8.471583219582935476e-01
-2.018241539286913522e+00
1.002865000050773281e-01
-2.497210559710851263e-01
-8.415165432366569220e-01
1.094186297883274372e+00
6.715863101024374116e-01
-5.758909143233629235e-01
1.014465311745635923e+00
2.628015721086400802e-01
7.565999467496073994e-01
-1.657114730000227576e-01
-1.495965934606575121e-01
5.911805450119979044e-01
6.493027167022920043e-01
-4.093559730021463783e-01
-8.640073795663801848e-01
-1.536975502609544061e-02
3.312450722432188854e+00
9.325720097176088963e-01
-4.192252658993209091e-01
-6.543141000791200534e-01
-1.363984317022266801e-01
5.013171505439244502e-01
4.592159441521178054e-01
-7.223047372484687756e-01
