-5.008186736899862268e-01
5.992186148996432316e-01
7.533619968417049062e-02
3.348636761791036198e-01
1.205915626229164150e+00
6.846827011410754338e-01
-6.214135553597723849e-01
-2.406230826030759939e-01
6.825401368879835395e-01
-4.443692340252373141e-01
-4.526760180441516956e-01
-7.906310132740183017e-01
-5.599026639646780268e-01
-4.591820289971392244e-01
-1.345962091800753768e+00
-3.421295478797141687e-01
6.422954603637417992e-02
-1.862685830656309327e-01
3.961111945828778014e-01
-7.040807465950815747e-01
2.926630290478758889e-01
-4.413224433401840008e-01
-1.725571539185228320e-01
2.190860270026400158e-01
4.597586734408901643e-01
-3.692389840117411559e-01
-3.499526225538873714e-01
-3.249589350092765283e-01
-1.737313155404865306e+00
-5.040530163656056217e-01
-1.142835221507903842e+00
3.650096025973612601e-01
-1.116066713551684131e-01
-7.810608843432157444e-01
8.748665955694228114e-01
-7.043729620946400649e-01
-7.192099756286052248e-02
-2.159364425645814434e-01
-1.707828736741294762e+00
-4.132617586686795352e-01
-3.537051347214346109e-01
2.850721010303089997e-01
-2.333323333573416314e-01
-6.950580339536358010e-02
-2.642721084939408382e-01
2.737385823781429139e-01
-9.878700481086725160e-01
-8.834277520983473131e-03
-1.898798007498526952e-02
-8.461033807949719376e-01
7.272816967653148446e-01
-9.806344784164178208e-01
5.768021680508172988e-01
-2.486473110118717911e-01
5.894346161616963453e-01
-9.977392075389230897e-01
-7.771446292515459264e-01
7.813984855004544317e-01
5.644935604358018999e-01
5.958454551604406291e-01
-3.526644033500819786e-01
-5.022471116330229357e-01
-7.152429883468045535e-01
-4.904191522053837904e-01
2.962650677489683249e-01
8.943960815744982362e-01
2.561019630602908936e+00
5.467467384058111168e-01
-9.619311575056779251e-01
6.463319532403486445e-01
-8.077408189033341568e-01
3.178074280527728133e-03
9.792192582217900121e-01
1.383031747606779382e-01
-4.021891550935496884e-01
-7.373547390374919352e-01
5.325498767894818464e-01
-4.827328816974386094e-01
-3.955644632124130311e+00
4.568914594064700241e-01
7.666170587066568620e-01
8.346953124365170673e-01
-4.375959243556967193e-01
-3.557010502355362203e-02
7.105318876738606626e-01
4.855066526390193760e-01
3.283369947831491498e-01
1.862215529725412821e-01
8.375255612076597522e-01
-1.506360470852713851e+00
8.806222052109077825e-02
5.015279873885118977e-01
-4.727859359597353928e-01
2.212741448427571478e-01
-1.711272912043464434e-01
6.009031592373490493e-01
3.527051195096915226e-01
4.014708310430237237e-01
-7.337306890376891211e-01
-1.066117622759131134e+00
-9.425658023049623413e-01
1.121984384726212092e+00
7.966090695970644564e-01
-4.685546870258102126e-01
-2.541612680757001641e-01
4.220214013401167863e-01
4.015771593976287801e-01
4.346524661296595760e-01
-8.345184109335419542e-01
-2.445662775983896975e-01
-2.344211502910430456e-01
-4.603863268074132042e-01
-8.478522165362782914e-01
3.764889194448822751e-01
3.982779428065195970e-02
3.136526117639788502e-01
-1.017365543181960152e+00
5.473426657584816724e-01
2.526683510747158579e-01
-1.488477802105976355e+00
1.768192811737644421e-01
2.009343208531851221e+00
1.762437868007883934e-01
-4.418715201195759223e-01
1.394406128290019975e-01
1.288696531084689179e+00
-3.610685051225512865e-01
-5.895815324817732517e-01
-6.682980163368470450e-01
-1.136268596332015601e+00
3.745997095495970930e-01
1.673451157630539282e-02
-1.609810092943894655e-01
-6.474363857158227376e-01
-2.080769783563379827e-01
-1.274975845336828062e+00
3.606446364771392910e-01
3.448948473408581794e-01
8.173362085083479833e-02
-1.078539413353215431e-01
-4.686557395933603487e-02
3.017735969131830620e-01
-6.218193814098907368e-02
-8.534425033407513350e-01
1.591270458480298355e+00
-1.438006623817927654e+00
-6.930854995343411762e-01
-4.962917971927671701e-01
1.560995352750509380e-01
8.245977714358900812e-01
-2.522319445679228056e-01
-9.941670232675426933e-01
9.840374681900047049e-01
3.755656793705756669e-01
-8.769716558032238929e-01
1.869538021390337520e-02
-5.620534665270886521e-01
-3.347565772232919956e-01
4.989372184531850607e-01
3.578293678665576960e-02
7.664204196386458223e-01
1.369102543837944774e-01
7.149774596690566808e-01
3.952032947322603462e-01
1.174123255898534612e+00
-1.786808560792483291e-01
-2.664666075236038489e-01
1.778532344887693295e-01
7.275423306182002836e-01
-2.503515751598255346e-01
2.181076621291754003e-01
3.246187342354837080e-01
9.945906069193711785e-01
-6.115220176398343810e-01
-9.071212326004951532e-01
2.659850545515429765e-01
2.996661551169191862e-01
4.259134284941790138e-03
6.434954858902233177e-01
4.232300571573559544e-01
-2.008576092856649620e+00
-2.884136533454195739e-01
2.755548941691026710e-01
-8.106285159886095215e-01
-1.176080093680097249e+00
3.450623939671848550e-01
8.104238042731941594e-01
-3.195936673993524657e-01
1.120522177374996264e+00
9.125154817340195290e-01
2.904173149752919958e-01
1.704814664077708430e+00
-2.683915703576809642e-01
-6.667237553423946972e-01
9.481697463100761114e-01
2.462023538578927973e-01
6.875911558156740933e-01
3.692783688732825254e-01
-1.418617576398210289e+00
-4.412587992152920413e-01
-1.010142974343048117e+00
-5.542853523642489455e-02
1.017189277962539551e+00
6.660495310589753526e-01
-6.973146011000167510e-01
-1.471248812001161310e-01
6.255142173335250799e-01
-5.888220810645059533e-01
-8.060764779888492937e-01
-1.384354963046694920e+00
1.387534652070315233e-01
-6.387575957404483251e-01
9.134591680068893105e-01
5.478825475028936687e-01
-1.096443995228348012e+00
6.714358440823648966e-01
-2.652451637925159478e-01
-4.736370971199082014e-01
3.863361668855371800e-01
6.982864064720701869e-01
4.893862576477022719e-01
1.234233324116317920e+00
8.177166224883596346e-01
1.218571702415899467e-02
-3.005571026829217951e-01
-3.894057998052289360e-01
-5.890831684447248029e-02
7.994925842646435910e-02
8.489756075409036207e-01
8.520423457436845927e-02
1.436696500539099475e+00
1.880281374562660646e-01
-9.662018056264320975e-01
3.064136575422659048e-01
-1.736618202854522397e-01
-1.641479874019242113e-01
1.485354258039755515e-01
-2.801952259583699589e-02
1.115451794488247633e-01
5.548349846393185736e-01
2.500637630681677992e-01
-1.182702227611054369e+00
5.262498578487505574e-01
-1.036816025880703762e+00
5.818729427577660207e-01
-6.479934460088607739e-01
4.162496437988240094e-01
-3.635467726448407544e-01
-5.935455290981300758e-02
-3.137121259271506701e-02
-7.280233416659245282e-01
-1.004885650496354366e+00
-2.689186253826073569e-01
1.028772373198287016e-01
9.375760295338280148e-01
-1.023665960247468032e+00
5.018471476346748616e-01
4.795283559421366082e-01
-2.868442978693438450e-01
6.768815226366060589e-01
-5.844487732361030030e-01
6.769579860130539029e-01
-7.581765308115171464e-01
6.712459700589333833e-01
1.301595124748379795e-01
