-1.214392059811222890e-01
9.150637035096007565e-01
-9.960837394497692454e-01
-7.804885605312227304e-01
-1.000000000000000000e+00
-7.509710608683659583e-01
-2.773791474619479169e-01
2.462989876487068353e-01
4.061629013573340719e-01
9.470164943323672313e-01
-6.323196803366162300e-01
4.325613809122498821e-01
1.193334620593361484e-01
-5.964076708850810649e-01
1.445723721092451175e-01
-5.396834858115778788e-02
-3.200258815324694694e-01
1.158631973929484527e-01
-6.482430295212122662e-01
4.617285228134365704e-02
5.700599856546083588e-01
-8.560741912807335874e-01
4.544834432119565504e-01
9.217163629256351909e-01
1.755252801164403076e-01
-3.840498522156427508e-01
7.542324075326917003e-03
-1.531716574405068698e-01
-8.792060181663330365e-02
-1.000000000000000000e+00
-1.667675514431145589e-01
8.243433050891155744e-01
-7.404752804112603448e-02
6.396160492412188425e-01
-1.000000000000000000e+00
7.558262122789236037e-02
2.108000162591850135e-01
1.000000000000000000e+00
1.222010805276611128e-01
-5.534935835868908249e-01
2.144324827216569085e-01
1.000000000000000000e+00
-5.093320594545269753e-02
5.222498326274463976e-01
-4.015920839433553269e-01
4.524029724533674690e-01
4.398522281935068334e-01
-3.136370607835685664e-01
4.641923280373759786e-01
1.000000000000000000e+00
-8.060671339016591830e-01
2.969141044598064827e-01
-8.982761016978086932e-01
6.491662699878751885e-01
-4.188610522271529191e-01
-1.000000000000000000e+00
-5.245771266715960612e-01
2.769581287214989418e-01
6.576891162541680380e-01
1.000000000000000000e+00
4.404760543986718235e-01
3.293285359523504541e-01
1.820605810854943052e-01
-2.422804414542167328e-01
-3.595242311645253652e-01
-8.577801024362192717e-01
-1.000000000000000000e+00
5.137952036447778204e-01
3.202977029736961967e-01
-2.120059086063280640e-01
-1.000000000000000000e+00
2.407074841108558516e-02
3.964433797693079353e-01
5.531238127865567566e-01
-2.322844616271988738e-01
1.644394133281967818e-01
-3.253577622121361923e-01
-4.790544399742301396e-01
-1.388723188809267914e-02
5.655306546584575322e-01
9.239063836695340370e-01
-7.266930700798118758e-01
6.215862245417440590e-01
1.000000000000000000e+00
5.679597988177707002e-01
-1.570210196560442306e-01
-1.349000356150328594e-01
2.300372880506728335e-01
6.720544948490918546e-01
-1.000000000000000000e+00
3.026232971046450282e-01
2.542291403690809526e-01
-5.355218870908200479e-01
2.010829987658021845e-01
-3.509521115329240493e-01
-3.908897682511507932e-01
-9.477649287866136696e-01
1.333342836804857490e-01
7.299591968390158891e-01
7.221440538191781222e-02
-2.668508623915007427e-01
8.535689758246380876e-01
-5.196517246933755052e-01
-2.222730428590921625e-01
-9.050637752497048272e-01
-1.340306530721147027e-02
-6.490626469085263306e-01
1.000000000000000000e+00
-1.000000000000000000e+00
-1.061458230580630824e-01
-3.337616144418174557e-01
-7.503570167039735894e-01
5.099808797053581033e-01
-3.764676550862818827e-01
-6.596016474205725899e-01
-1.000000000000000000e+00
8.531705661299415766e-01
9.722531510522459675e-01
-4.078099538843817373e-01
-1.737980109001359685e-01
-7.685782847188605826e-01
1.547820883150506366e-01
-1.338760273075214613e-01
1.592277189004736027e-01
4.655874897787959377e-02
3.263969880594337347e-01
-7.367499805580940420e-01
-4.565604957928524055e-01
6.307390638601462207e-01
-7.480043657968837856e-01
-3.057800680989827269e-01
9.228526935778518236e-01
7.037432658682780673e-01
-1.000000000000000000e+00
4.083241722298452947e-01
-6.638054353145650399e-01
8.504742289980794512e-01
-7.219860250556701109e-01
3.107416156500898974e-01
-7.967443638845814191e-02
-1.077176653784675670e-01
-3.237845573781791275e-01
3.227687162074019955e-01
-1.473292397744223048e-01
-4.065177540007524071e-01
9.628878010227797102e-01
9.336413191180411575e-01
-2.097357792066753823e-01
-6.336236261014832616e-01
-5.071249486797407835e-01
1.000000000000000000e+00
8.698603847004782175e-01
5.314271377143910957e-01
-1.607377727873162410e-01
1.980455149458009989e-01
-9.039524515679572825e-02
-1.000000000000000000e+00
-5.612722563152194866e-01
-1.882184013782746690e-01
3.227647685407411537e-02
-8.668300135617601487e-02
4.752437229519982376e-01
-2.248137590214023263e-01
5.354010460246912961e-01
-7.134892994199832916e-01
-5.929297155519408502e-01
4.307622991174135940e-01
6.557768408761540657e-01
5.483017395382306924e-01
-2.022870621576640104e-01
3.406755665246639642e-01
6.390775839862582464e-01
4.062347348739753228e-01
2.612122308997034126e-01
1.000000000000000000e+00
7.418837946992731247e-01
4.700898431343156214e-02
1.315989441087647704e-01
3.389494588435201794e-01
2.570734748349589038e-01
4.561444299708585781e-01
1.000000000000000000e+00
8.446723114663784449e-01
7.908651007270444122e-01
4.227712995533909890e-01
-5.136644230042957116e-01
-4.619236070260209215e-01
-1.995374231372950558e-01
8.676330725455241866e-02
2.855043511997835126e-01
8.182383076741126526e-01
-4.280009870690636431e-01
3.317023622323354015e-01
-5.309487208509346967e-01
-4.539644134617017435e-01
-5.326944894714581435e-01
1.000000000000000000e+00
3.311637031288771627e-01
4.435626943208647033e-01
-7.219938298346878502e-01
7.638630352145051594e-01
-1.590051824471833131e-01
-9.882669364887681773e-01
-2.692552328888187518e-01
-4.907687894809710238e-01
7.100585233710081656e-01
-3.719721989608105184e-01
-2.574816451599699629e-01
-5.937058505400181208e-01
6.183701311589583360e-01
-9.594279766653333041e-01
-7.709121254816685420e-01
9.911999999360292524e-01
6.699854262438276198e-01
-2.694035611167187039e-01
-5.531770704174462372e-01
-5.844614486920207685e-01
-2.119942620179566251e-01
4.356003089204856238e-01
-1.651920932159516853e-01
4.751446906786824798e-01
-1.543812089391600195e-01
3.119567368358151516e-01
5.140905363350229962e-01
1.000000000000000000e+00
4.178756493869261179e-01
7.073960446629601329e-02
-7.079764613653363736e-02
7.067136398645951223e-01
3.744746857664194017e-01
1.867463862313854528e-01
8.103743646168185544e-01
-1.586274667291488472e-01
5.230519666602225781e-01
1.247668626482195675e-01
-3.470375568152638257e-01
5.337717919142422884e-01
4.935242784533992455e-01
-6.072000067655954902e-01
1.000000000000000000e+00
-1.000000000000000000e+00
2.256130400812483006e-01
-5.538812101428764595e-02
7.464174221110060348e-01
4.339970944177111156e-01
1.000000000000000000e+00
-4.994796520974317255e-01
-9.277902503453829830e-01
-3.295350933776459712e-01
-1.115841560377632824e-01
-8.882313349173456829e-02
8.242900107741354399e-01
-7.677567940864059581e-01
-1.648913532894306366e-01
1.000000000000000000e+00
-3.117354761737241020e-01
7.206111755944210051e-01
3.123626253196712388e-01
-4.233034434503487042e-01
6.252535128448104551e-01
6.808026977198250451e-01
-1.000000000000000000e+00
-3.394912908407185514e-01
-1.000000000000000000e+00
-3.429186341830491314e-01
