6.362744567108509219e-01
7.936934835073683470e-01
-9.820338734957694271e-01
-1.000000000000000000e+00
-7.890651509437239808e-01
-5.333751254956515808e-01
-3.222596637870177583e-01
8.724469653310664707e-01
6.056737482311129739e-01
3.360726929324928669e-01
3.262269635503995957e-01
-1.000000000000000000e+00
6.527105425285573137e-01
-3.712566772645032320e-01
3.199281666943982749e-01
-2.733240091761882096e-01
-8.218951361287725188e-01
-1.365363980214678863e-01
-9.627089704024469619e-01
-2.179392941899969960e-01
4.184161625935850504e-02
-8.293545374081021659e-01
3.099612114526990592e-01
6.602128955054868964e-01
6.443342261491864509e-01
7.255179015192207981e-01
-3.490581913760339994e-01
-6.020571383040491664e-01
-1.000000000000000000e+00
8.859804378061598706e-01
-2.599002050965806832e-01
6.198113077421784078e-01
7.962384423783192000e-03
7.329277999672676458e-01
1.764342588204832751e-01
6.309366154303469587e-03
-3.687330023179176686e-01
-1.000000000000000000e+00
-1.995015574021014593e-01
-1.000000000000000000e+00
1.832972819377363949e-01
1.000000000000000000e+00
-1.877468304661525922e-01
4.913460509545201083e-01
-6.479406436849185491e-01
7.156684620041313671e-01
3.774749926385346788e-01
-2.285034805169607330e-01
3.221218039483203510e-01
-2.102011129491878072e-01
-7.707099408631359339e-01
1.272925111709672930e-01
-9.283559987714413708e-01
4.265573534296297487e-01
-7.339623720984723709e-01
8.121980347309023518e-01
-5.441649862240099944e-01
2.375691926576025126e-01
-2.391866435681992420e-01
7.584400428411327555e-01
7.745350106510875965e-02
-7.284475997693378169e-01
3.099138342281618219e-01
4.289591879006388053e-02
8.439901152815595942e-02
-5.576049095069608441e-01
4.620151912284643503e-01
-1.243910949847056302e-01
1.891701486269733445e-01
-1.692839002586727370e-01
-2.129036321627590655e-01
-1.000000000000000000e+00
1.263457124598714731e-01
4.250169210387321761e-01
-4.658528371919662403e-01
1.963957825767629617e-01
4.867423075898783535e-01
-6.698542697147993330e-01
-1.000000000000000000e+00
4.897692654679935420e-01
7.323171505180816609e-01
1.637089402705668439e-01
5.395837921610454613e-01
3.241795420692871188e-01
-1.000000000000000000e+00
3.461443345451982456e-02
-1.212113036611608408e-01
-1.000000000000000000e+00
-4.663782733278972192e-01
-9.844419552000942542e-01
-3.275966307820555312e-01
1.788040173312248626e-01
1.000000000000000000e+00
5.133185603708692035e-01
-1.437322891440405981e-01
-3.909087783294519780e-01
-6.206840086307067184e-01
2.161054352691689773e-01
-8.258215225392102621e-01
-1.898483577244813869e-04
2.126783295706987098e-01
8.167569337628310944e-01
7.306342555968974029e-02
2.290549686271867169e-01
-6.572004148404565482e-01
9.798415357941625548e-03
-1.000000000000000000e+00
8.385079989949113521e-01
-5.795953162129576786e-01
-1.000000000000000000e+00
3.995232994627415657e-01
-4.234319730067105381e-01
7.522690223557262357e-01
1.000000000000000000e+00
1.000000000000000000e+00
-8.552120550189468151e-02
1.000000000000000000e+00
2.765466998443653068e-01
5.253751477154347538e-02
-6.945138279907487888e-01
-1.000000000000000000e+00
-7.923699855571222361e-01
6.201245226696268098e-01
-6.060756512467152524e-01
-1.398126755875615246e-01
5.660871808819578632e-01
-4.764555705139275066e-01
-5.091564642635107996e-01
8.612816796348085058e-01
-3.838944320520875086e-01
4.890666624805156126e-01
8.767983557613019396e-01
2.688979885930800062e-01
-9.157107949617714349e-01
6.683155614095204200e-01
-8.757331297839507922e-01
8.814126936597062034e-01
-4.298049874910022661e-01
-2.106819176953929063e-01
7.379737497971531335e-01
-3.072789859306602755e-01
-7.687660809367394821e-01
-2.460677375286791924e-02
-4.467759540982661481e-01
-1.000000000000000000e+00
7.056337366421803203e-01
8.878500099095032461e-01
9.192969153136278937e-01
-4.223887600933217135e-01
2.299830875479413339e-01
7.036144472830722918e-02
5.333582141744382943e-01
-6.014316835403298311e-01
-2.750377473352945135e-01
7.234316594019596369e-01
7.636758769538905256e-02
2.448029013455682024e-01
3.264176473118935995e-01
1.628930487625154799e-01
3.092718664788696725e-01
-2.962044625629688954e-01
6.313030878270653456e-01
7.148338764637850451e-01
-3.920732174853182594e-01
3.235200921347413106e-01
-4.061925536237622203e-01
7.599612454842099574e-01
4.768332845699844169e-01
1.171669700814902682e-01
1.030180264721096695e-01
7.998966008403254335e-01
1.000000000000000000e+00
-8.437769063330753383e-01
7.191786844865442063e-01
2.742228552715930134e-01
4.629201843605728062e-01
8.328450600437066198e-01
5.692497998515691493e-02
3.538936423173870693e-01
-9.961912588432869642e-01
6.229302639714048295e-01
-8.434619475219795603e-01
9.551378842389822710e-01
-4.901692598555404956e-01
-1.000000000000000000e+00
-4.993133276347310745e-01
-5.650725685225227446e-01
1.585782472103964003e-01
9.556513483695054656e-02
8.525264081524996929e-01
-1.178349411710165884e-01
7.706255353976178002e-01
-4.153728502663611710e-01
-7.651058900026227461e-01
6.905604803282630044e-01
-5.741619935274179243e-01
-6.484826646985366594e-01
5.113432346789628102e-01
6.199991917313496526e-02
-9.628381083734345314e-01
2.594887183394802288e-01
-6.671465368700532639e-02
4.108868921400756213e-01
-7.649685243052229966e-01
2.107857284358848338e-01
2.931197273686907412e-01
-3.751020790730473231e-01
-1.000000000000000000e+00
6.805667933708126061e-03
-2.055399317874601894e-01
-6.521473956319925325e-01
-7.635265808066080684e-01
8.123329138555649420e-01
7.889598576792591356e-01
9.005702334102083650e-01
-8.301808444402200005e-01
9.954071550491890852e-01
-6.588239049698991767e-01
8.012265658299423388e-01
1.975175244087496174e-01
-2.170267827444035125e-01
2.599792543749886442e-01
-4.519794682752709125e-02
4.463834385752954992e-01
7.454768163952669724e-01
3.187442544478624740e-01
2.397379494834224467e-01
-3.192118327571033531e-03
9.936413171132358890e-01
4.993844744772443223e-01
-1.000000000000000000e+00
-9.375940229535522086e-01
-3.026615733561633381e-01
5.932919585467432144e-01
3.139248069066250535e-01
4.147150248075269774e-01
1.000000000000000000e+00
1.462189668714179436e-01
1.000000000000000000e+00
-8.713302295530684916e-01
-3.574697865766127691e-01
1.859720847432004831e-01
-6.327976794602577226e-02
8.118902516251176316e-01
4.815782646794022348e-01
3.078275449951867193e-01
-7.298106369343878574e-01
6.357766124770505289e-01
3.885180306128785399e-01
7.132424455558885601e-01
9.838696229967530682e-02
-5.021027076832254021e-01
-6.587536435081070563e-01
3.094840194954706636e-01
-4.404693614970578430e-02
1.840991796625667809e-01
-8.799706653860200900e-02
2.501629545664419418e-01
1.000000000000000000e+00
-6.063205656618330108e-01
1.031368068572088292e-01
-1.000000000000000000e+00
7.354685032397670352e-02
-1.000000000000000000e+00
-3.734140998736352329e-02
