-2.795288969083818409e-01
5.154926390536966885e-01
1.000000000000000000e+00
6.688921209800995360e-01
9.935078538855323105e-01
4.731554743335734114e-01
9.625602501588337301e-01
8.453843848185271792e-02
1.493713822827503757e-01
1.317947341009043927e-01
-7.942704350097361254e-02
-1.000000000000000000e+00
-8.647362095918064151e-01
2.538135292765372752e-01
-8.174227702232199633e-01
-6.806013495507984290e-02
-8.380815240139102840e-03
1.774451613150343221e-01
1.000000000000000000e+00
-3.758359818287555498e-01
3.054591138887751689e-01
3.458857399066724292e-01
-5.136861905975609321e-01
-1.785258157841985716e-01
5.284572293095819440e-01
-6.688909420100915826e-01
-3.830323992705297886e-01
5.487541684654030361e-01
9.454859891987529297e-01
-1.000000000000000000e+00
-3.911572943136232827e-01
3.965500091967776308e-01
-3.795080350014325976e-01
-1.000000000000000000e+00
-3.982169628615879753e-01
3.088368187001626075e-01
-5.195064771754314137e-01
-4.457381226922253470e-01
-2.698938355161679681e-01
-6.695796513658091031e-01
2.990091148063080823e-02
-4.133466956421835148e-01
3.026476785690646043e-01
-1.000000000000000000e+00
9.110210220885170962e-01
1.257489672404710768e-01
7.959452840982492727e-01
1.000000000000000000e+00
-6.894671310579048029e-01
-7.057471739145450285e-02
7.969200756348626680e-01
-2.468194082447483229e-01
2.804765722157003260e-01
-2.108481180079296857e-01
-7.690053221117149063e-01
1.717593053601375597e-01
3.290383675373151351e-01
3.582652865373293083e-01
-9.460623639730474377e-01
2.202557458684716585e-01
-5.541698495237180611e-01
8.987143101119297040e-01
2.766509452878009312e-01
5.058391921506405486e-01
4.726970646304049506e-01
-5.164389079359291701e-01
-3.634370014982911123e-01
1.000000000000000000e+00
3.636808321809081174e-03
1.568013820305858563e-01
-9.250330753037533382e-01
-7.263903072498864577e-02
-7.149494812808350197e-01
-3.334742242112814781e-01
-8.383048266957988659e-01
-9.591451492475745466e-01
-7.935576926712302193e-01
-3.620924330039617667e-01
-9.045694905263033103e-01
6.066871396399171890e-02
4.129696320338887561e-01
2.375107142885203304e-01
4.310452162094357553e-01
-3.971663240725444299e-01
-1.000000000000000000e+00
7.982082905498619207e-02
-8.098358798898370736e-01
-6.176337084798082522e-01
2.641094903674775507e-01
6.458550675993562917e-01
-1.098382936532963511e-01
2.363533320734138021e-01
-6.263931615918162388e-01
1.000000000000000000e+00
1.291720311667358956e-01
-1.388496085159664217e-01
-2.601157027506602604e-01
-2.190703230634547527e-01
-3.072641435980398850e-01
9.898655416361049064e-02
-1.000000000000000000e+00
8.964201113818413003e-01
-5.636857364931966430e-01
-5.670464711345772901e-01
5.061189511916788231e-01
-5.516117920169059108e-01
9.457102822460857761e-01
2.337476697906363532e-01
1.868959238891457764e-01
-9.953973913613671787e-01
4.382574409011797956e-01
6.786574260588981167e-01
-5.018659885634315643e-01
-4.046252125611632944e-01
1.000000000000000000e+00
3.868473119332439536e-01
-9.128400208533243854e-02
1.000000000000000000e+00
-9.441204254914963290e-01
-4.860831149611208324e-02
-1.851578642408543696e-01
-3.667031535606808390e-01
-7.791963352228200579e-01
-2.270059083546882850e-01
-8.119503428397112366e-01
2.269450091413348636e-01
-6.463291019915576308e-02
8.894683662121192214e-01
-7.241562081414044671e-01
1.690873726116629561e-01
1.549381392223160847e-01
6.454818005295257510e-01
-6.147427673193350817e-01
-4.578556154715427429e-01
-1.000000000000000000e+00
-1.385758614976736192e-01
5.944024170973600807e-01
1.000000000000000000e+00
-4.508842089683334775e-01
5.886601313106769595e-01
5.871317742883581658e-01
-2.404494138400562475e-01
-5.976989056829763447e-01
1.819937360132789228e-01
-6.429509947247504797e-01
1.020402544371921127e-01
1.267002966878539860e-01
7.505785524557897492e-01
4.061938881402463175e-01
1.000000000000000000e+00
-3.425474976508325886e-01
-1.000000000000000000e+00
-9.829428088088133786e-02
-4.979950149957612648e-01
-3.248363738282409319e-01
6.350470100823851771e-01
-8.587512030791408790e-01
6.214097836029085498e-01
3.117940792019874285e-02
4.701994847296420699e-01
-3.785965418688329032e-01
-7.568927483721419325e-01
1.824223453459639099e-01
-7.304517759942787958e-01
-2.567819181192194655e-01
7.420031338769514928e-01
1.055925197256171455e-01
-1.736551848888229221e-02
-7.761662411229300895e-01
5.110067148006751658e-01
7.761872440228190229e-03
-4.746891473540718054e-01
-1.000000000000000000e+00
-1.000000000000000000e+00
-4.724353039862364545e-01
2.112824653423521215e-01
1.829117890598115637e-01
-4.535139356915467435e-01
1.000000000000000000e+00
-1.705987351277197250e-01
1.717449500547946206e-01
7.557773485025031102e-01
3.362129422980076332e-01
2.272812035011926857e-01
-3.264860085051278227e-01
-6.870525997484283609e-01
6.424527243057439607e-01
-8.926476035187624544e-03
-1.593693239661856942e-01
2.536983079015334153e-02
8.438368446655105659e-01
-4.340698654022379088e-01
5.364373030946952836e-01
1.000000000000000000e+00
4.067885779007792135e-01
-1.552192511431301492e-01
7.028405771389826251e-01
7.533871552984213738e-01
-7.447467536836069879e-01
-3.382331894439633002e-01
-1.000000000000000000e+00
-6.512873927481224179e-01
9.979616188000255406e-01
-9.554273139355262678e-02
5.428149060700824258e-01
1.814533679911708719e-01
-1.186052994523527082e-01
3.578809952413147116e-02
8.000891344543183958e-01
1.753132581304200355e-01
-6.360235858473803350e-02
-3.780162116937298977e-01
6.010600964467520679e-01
7.995473652215715488e-01
-1.880029046799053249e-01
3.885413304232449017e-02
-2.713798972461477499e-01
-3.493187505073167554e-01
-1.338217767536969138e-01
9.992817442310628628e-01
-3.287958842621107602e-01
-8.170317832464475405e-01
-3.741361235455695211e-02
3.845469100522305173e-01
-8.618465537904609342e-01
4.372344516982595852e-01
-4.951357125591032138e-01
1.000000000000000000e+00
-9.243068607536811254e-02
-3.436910472182273801e-02
1.000000000000000000e+00
3.820780330699781180e-01
6.973536505788550111e-01
6.007809233950653915e-01
3.691479184132897551e-01
8.079242495481327169e-02
-1.552038839492771993e-01
7.230868539321730903e-01
7.358355265307352511e-01
-1.189698591649172299e-01
4.079656107281728339e-01
-9.967239747667547833e-01
-2.158532960906366927e-01
2.407362798521873459e-01
-7.412925687956269938e-01
-1.000000000000000000e+00
-2.205234510120893110e-02
4.666632544016215411e-01
7.515970564641868412e-01
-1.000000000000000000e+00
-1.000000000000000000e+00
1.000000000000000000e+00
1.000000000000000000e+00
2.975337223404648235e-01
1.837369176575725238e-01
-8.151532673812773577e-01
-4.799684095591381094e-01
6.255035175625131005e-01
1.000000000000000000e+00
2.935839419691255170e-02
-1.376639022701415908e-02
-2.205546022401561335e-01
4.241852382819586986e-01
1.753756038658938476e-01
-4.687175494865008507e-01
