-3.131733922002822856e-01
4.702617993542338448e-01
-3.543810790913697328e-01
1.000000000000000000e+00
1.000000000000000000e+00
9.460316514469377935e-01
6.069549413696253559e-01
-3.131738922332848452e-01
1.904584219361592917e-02
-5.849468520026408491e-01
5.426456592623762898e-01
3.647256561845424461e-01
2.233086673034253011e-01
5.782483080527959229e-01
-1.000000000000000000e+00
1.362994471731591439e-01
1.192934083040021187e-01
-2.734830760612278477e-01
1.000000000000000000e+00
-9.160904093197859144e-01
2.062750869149155564e-01
4.926319544144145413e-01
-1.232777291418343524e-01
-4.607776927394552358e-02
5.137873437674733701e-01
-8.886412707935914534e-02
-3.799232427704057891e-01
-7.030003783766611281e-02
4.694561566656175189e-01
-5.168094810251639970e-01
-2.429629605666356051e-01
6.998415474647725620e-01
-8.296142483856364658e-01
-1.960439769239258612e-01
-3.107885835664864205e-01
-1.000000000000000000e+00
5.026888332594620090e-02
-1.000000000000000000e+00
-1.745869034780962725e-01
1.724961191587997544e-01
-2.729612110165716699e-01
-4.713576647273690634e-01
3.702593421599088552e-01
-1.000000000000000000e+00
1.000000000000000000e+00
-4.681532704026158953e-03
-1.240413292384114075e-01
4.235938739522134844e-01
-1.000000000000000000e+00
-1.984077841684467602e-01
-7.956976245876929976e-01
-7.095805788949696158e-01
1.755516613478037558e-01
-6.430308209841917311e-02
-8.219108498391838324e-01
-8.973985738013681157e-01
7.935565954241702302e-01
4.598195616892857274e-01
6.485088114154425876e-01
4.112575439760297880e-02
9.153234086282316384e-02
9.836038687663990476e-01
1.254554572198822437e-01
8.102096389784609887e-01
5.832454046649374613e-01
7.999635485618281083e-02
-5.007865623267194755e-01
-4.293940453440989735e-01
-7.417454643243426293e-02
6.496922498773968768e-02
-5.319781404298766780e-01
2.446356996691390062e-02
-4.787522455678484556e-01
-8.925041531731801037e-01
-3.010126275931929163e-01
-9.441520021143259278e-01
-4.793989641112853528e-01
-4.145133863444210864e-01
-9.027339739720696699e-01
-2.413902411563322720e-02
3.109292232661525768e-01
1.000000000000000000e+00
3.679187595647159803e-01
-6.848161735852766885e-01
-9.167813113097358357e-01
-3.998439496285752237e-01
-5.280839010492947017e-01
-7.414664067147991311e-01
6.316583149594181545e-01
-2.581452226365453170e-02
-3.325917731845869918e-01
1.941798796559469631e-01
-6.425501391565907605e-01
7.119228545342835002e-01
-3.612749995600895159e-01
8.117352323442067474e-01
2.295579057811062904e-02
-1.969380232699682876e-01
-1.474329116615077928e-01
6.985058114664539630e-01
-8.700378047525547665e-01
-3.448446856720364107e-01
2.280663848700902399e-02
-6.668142196796986720e-01
1.574543659115861249e-01
4.291051885809626931e-01
1.000000000000000000e+00
-7.929315327017515402e-01
1.913041817247974341e-01
1.000000000000000000e+00
3.560122762994767376e-01
2.513289942790422615e-01
1.117766189366788260e-01
-2.314146548499254052e-01
5.138176123155889785e-01
7.088330919236016658e-01
3.904586370293947062e-01
7.705672128294488443e-01
-4.523242803126927836e-01
6.788187327599747301e-01
8.190675616136700032e-01
3.942464875794615686e-01
3.472921924136134764e-01
-2.328791803925789883e-01
-6.061591485408959201e-01
2.317654261611718503e-01
3.181990653343998998e-01
9.396102675442996599e-01
1.357329304578120399e-01
7.140623670261753153e-01
6.626163223657451085e-02
1.000000000000000000e+00
-4.759591713292081749e-01
3.295381979240368797e-01
5.000037461898988456e-01
-1.888998845880803523e-01
4.456354458593769774e-02
1.000000000000000000e+00
-3.961147634173555199e-01
4.081743987165101784e-01
2.566908917977824833e-01
-3.666990846914080504e-01
-3.806191451984330398e-01
-8.411180207390462904e-01
-3.269460612068004757e-01
2.083764588992882694e-02
-7.078388927987688817e-01
6.640124085114560426e-01
6.615117015132341294e-01
1.000000000000000000e+00
-8.251378300929847198e-02
-1.000000000000000000e+00
-2.756036558383046509e-01
-5.655340419141795527e-01
2.910788076502057176e-01
7.734974603095322587e-01
2.821762827611771218e-01
3.578302978814103530e-01
3.088580689826587733e-01
6.832302980048212682e-01
-2.407085929678375591e-01
-6.472681910492583679e-01
-1.314193701115657156e-02
1.000000000000000000e+00
-6.357388483818242619e-01
9.364292853416239515e-01
1.023267300751652675e-01
4.837430344715209496e-01
-7.945493474696870839e-01
-2.121782860092806811e-01
-2.385527023456335827e-01
-5.472125665879811196e-01
-4.871544987635021418e-01
-7.466572892511853521e-01
-8.046155682546132226e-01
8.226058399221751749e-01
6.733561647701629127e-01
5.306462856323965749e-01
-1.000000000000000000e+00
-3.843127421014413403e-01
-4.609009324577960087e-01
9.595963758913387265e-01
8.647200476846129691e-01
1.670674117665237601e-01
1.217877827145474878e-02
2.138864648399523005e-01
2.519498639885713875e-01
5.724447790380110535e-02
2.848089077868460328e-01
-3.553726984929627131e-01
9.430433589930226068e-01
3.829576700033082703e-01
-5.645313146689459050e-01
5.198340964589247548e-01
5.053406704718536036e-01
1.769499006500953320e-01
6.033908041440272374e-01
9.009359295396252021e-01
3.331138032990493825e-01
-2.577891419548613006e-01
6.897684136044429648e-02
-3.893846265740188439e-01
8.478211737994479913e-01
1.929647263253221959e-02
4.296519895354902752e-01
-1.736231848999049698e-01
-5.981514426442781085e-01
3.342444453205173360e-01
6.013005167012186458e-01
3.997273994162476307e-01
-7.110141477081507455e-01
-2.543994975608284692e-01
-8.854200139818776405e-01
9.065329446939355273e-01
9.594763133204249339e-01
-2.095908849143907904e-01
2.836355108020190835e-02
-2.976971322077042181e-01
-1.669839278468095434e-01
9.997320263492602832e-01
-3.226273048423444756e-01
-6.931981403180413892e-01
7.501451193624680824e-02
6.028449940323079570e-01
-6.712456403995340493e-01
1.131765980230288182e-01
-3.823867575954309483e-01
6.824029235682878003e-01
5.312012194297566214e-01
1.890228148576826306e-01
8.401234977005940241e-01
-9.094589433824500357e-01
6.854075056675308364e-01
-6.706487105536399485e-01
1.000000000000000000e+00
5.408970735633119586e-01
-3.986850379771477160e-01
7.280395533559168575e-01
9.462585672906707046e-01
-5.507506495652392253e-02
-6.695743777381416573e-01
-9.439804803136389033e-01
-4.299537497783930684e-01
1.086439235849411822e-01
2.742838190967061829e-01
-5.419279257082467716e-01
-5.908014463764931223e-01
8.740625552825164180e-01
7.551481698297194400e-01
-1.000000000000000000e+00
-2.934789295362022488e-01
-5.170821395809989118e-01
9.911919587823567745e-01
1.000000000000000000e+00
4.079303767928921243e-03
-5.482922713044933172e-01
-2.074826511061756418e-01
6.590019636509311107e-01
9.142158610979209676e-01
1.235589638434580889e-01
2.211382341951446950e-01
-4.168813651021680000e-01
5.793518457661199772e-01
1.059974247411458181e-01
-4.962323440857745460e-01
