7.405399542670260127e-01
4.068511053952312273e-01
2.452741484381473214e-01
-6.033256279775944808e-01
-9.262848418806224338e-02
-7.753997782296049301e-01
2.370279238559183377e-01
-6.394598110224516962e-02
-5.263456419255729823e-01
-7.534884134533403888e-03
1.000000000000000000e+00
-9.994193763294606514e-01
-2.780296154104019979e-01
-3.518767369761420238e-01
-1.782082691329539559e-02
-8.603501028550156193e-02
-8.909164675416056944e-01
-2.304237563963865143e-02
6.763726590737086930e-01
5.658252235122371854e-01
6.701752515836217894e-01
-5.065470156444955574e-01
1.217853138258274404e-01
6.200704395258127555e-01
-3.711245950780665548e-01
-4.994889659794083947e-01
-9.863529949968999344e-02
7.022620423873023876e-01
-4.826896293531784399e-01
-1.000000000000000000e+00
2.921233200063223512e-01
9.407718151764288272e-01
2.535187300429407875e-01
-1.000000000000000000e+00
3.261910344316022448e-01
3.030999782736842896e-01
9.661704448253756183e-01
-3.040713853250306409e-01
-3.182750289513538999e-02
-4.757618331421634844e-03
6.182798282437674819e-01
-2.907232422635085411e-01
-1.000000000000000000e+00
1.053451493079809731e-01
-2.775710745897116416e-01
7.690075460262029150e-01
6.289318067864526629e-01
9.812819935588330544e-01
-9.752716969109080924e-01
5.576950311925095161e-01
7.760734763630998678e-01
-1.000000000000000000e+00
2.668479405660816872e-01
-4.609768640699619113e-01
3.323258523404175047e-01
9.041016989504384593e-01
-8.410258925514061401e-01
1.535677433951757875e-01
-2.703679549844347219e-01
6.506559130057869289e-02
5.207789976388179642e-01
-8.179952245586601389e-01
-6.055463236404078353e-01
4.624637972346811177e-01
3.066439984628172022e-01
1.029493383837260523e-01
6.224729508107718079e-01
2.878234840210429635e-01
4.020986370584039293e-01
-2.656609766447136367e-02
2.043991841307943869e-01
2.394208741298580190e-01
1.693554907221087313e-01
-2.378092256058214615e-01
5.092167567527693395e-01
-4.912037298339125835e-01
-5.466186673639910065e-01
-7.811738126914047342e-01
-6.600067825916569042e-01
-5.874005480984649807e-01
4.703309651798991131e-02
9.895205531781094965e-01
-4.928083102382049274e-01
-9.895779313163357571e-01
-9.850688860145967451e-01
4.025925275773218487e-02
-5.372799681974531616e-01
1.005604343324222189e-01
1.000000000000000000e+00
5.772217275246762647e-01
6.946401805146276698e-02
8.129852566854331997e-01
8.968011619018473324e-01
-6.048577179477810511e-02
6.234311040836323370e-01
-7.298739053942493449e-01
7.493550739055099275e-01
-4.290846963406586001e-01
1.332111421812092744e-01
7.275726612010151584e-01
8.961060306833252831e-01
-8.373936210397435465e-02
1.376122188677145475e-01
3.206215214034837113e-01
4.142646714695021881e-01
1.426211660266378800e-01
-6.992072359038132845e-01
5.764581512078985615e-01
2.704259490842837454e-01
9.341463500531936581e-02
-3.087645601696973330e-01
2.429529841477140462e-01
2.945616338538340484e-01
-3.348503418520079600e-02
2.811483662247192539e-02
5.669757115072658893e-01
-1.485043657355119284e-01
1.179464170366260022e-04
3.848545185748437070e-01
-5.150328544883086002e-01
6.644174917979436268e-01
1.878744846770467603e-01
1.000000000000000000e+00
1.000000000000000000e+00
2.327066687076696505e-01
2.794106412264566464e-01
-1.537034803512553061e-01
6.543703136497019957e-01
5.938368256869588357e-01
-3.762114594616862151e-01
6.826061550428501601e-01
6.450751549135875784e-01
4.441698614779047705e-01
2.624333510388137669e-01
-6.947407521443345058e-01
2.844249422935986038e-01
9.261137622428566862e-02
9.222096336743299538e-01
4.623153371864858752e-01
-1.000000000000000000e+00
1.000000000000000000e+00
7.161817670414388770e-02
5.415791718173819103e-01
-2.764606171912091792e-01
-4.981008033811233915e-01
-3.093402292617181693e-01
-2.873984901392315772e-01
-5.989075252821001172e-01
-7.229831272648263862e-01
-3.698866121693555886e-01
9.032599472428877174e-01
-5.871264593580449720e-04
-1.543234385848169243e-01
3.976643412219179607e-01
-8.204657667287190703e-02
5.518502199000772102e-01
2.093275230689078115e-01
-7.910860831913668623e-01
-1.000000000000000000e+00
-3.044423307750061536e-01
-7.823177151533697860e-01
-3.372220549798581879e-01
2.460105905674329074e-01
-3.445890217399004696e-01
-2.972813948729630118e-01
1.120320748729897176e-01
5.788371665370320995e-01
-7.982514619692608615e-02
-3.725366375001799013e-01
-7.655542563898811714e-01
9.219326837136962993e-01
-3.095926066268194221e-01
1.000000000000000000e+00
-9.654550969292812201e-01
4.387479559605773627e-01
7.939879368236247847e-01
9.047572983175850014e-02
7.048472032053769709e-01
-2.738491278103889481e-01
1.050029629413196108e-01
-1.000000000000000000e+00
-2.138838617009978516e-01
2.049616427816651210e-01
-7.565047437790097806e-01
5.536081785149568057e-01
6.720850791576317151e-01
-9.681253373443210464e-02
-1.248453314455674201e-01
5.069272173931209657e-01
3.061680445389563521e-01
6.181042221156940464e-01
-7.799191246097083585e-01
-1.804554000485909526e-01
9.979665177038221646e-01
1.037737344975571130e-01
-1.045344010810947549e-01
1.467005964811729513e-01
9.252617685948854032e-01
5.068543986737427121e-01
-1.000000000000000000e+00
-8.442335470538985254e-01
1.610165955189580833e-01
1.404106902474531460e-01
-6.787559044067713598e-01
-1.211787320669831247e-02
6.624363995171337338e-01
2.985212110959176157e-02
-7.668156973856727898e-01
2.441892228599056580e-01
-9.352933802755598602e-01
-2.109629151824745918e-01
-3.551964812507034663e-01
-3.040024597458493849e-01
4.195007656197198842e-01
1.000000000000000000e+00
-7.380761878937113218e-01
9.267119788521550605e-01
8.394227140282185529e-01
1.000000000000000000e+00
4.146775879339619775e-01
-1.743299349584408464e-01
3.522690750923641173e-02
9.998901079452657825e-01
-3.344126426055850643e-01
1.000000000000000000e+00
-6.346650785288110441e-01
-9.240898691387168240e-01
3.051223162821994350e-01
6.106568701046650727e-01
3.339589389162748306e-02
-2.706446824804057405e-01
-2.496654083827254955e-01
2.728614481256554439e-02
-1.299391777198231346e-01
-1.384750854720173951e-01
-1.000000000000000000e+00
-1.000000000000000000e+00
6.208312381224422305e-01
2.283212837469283940e-01
-6.479177183739531776e-01
-2.711630425361004626e-01
-3.018054091961678287e-01
6.833507202058178298e-02
-3.015600972730823059e-01
8.079692158207748554e-01
-7.050072838041834267e-01
1.488022222782543758e-02
4.290189597925381237e-01
-5.206504473972483060e-01
8.416846671501306831e-01
8.879820256725001748e-02
9.777137030118937533e-01
4.373925304830861283e-01
8.012041169762149639e-01
6.970609315357607638e-01
6.278501388174686504e-01
5.502328074453528561e-01
6.455107524178949063e-01
3.933088682144075254e-01
-3.193550298256159214e-01
7.722149551421199076e-01
-1.000000000000000000e+00
-5.372188502515344855e-01
5.250724505606861603e-02
3.151126653401298272e-01
