8.242596077247010822e-01
-5.472582606337130784e-01
-2.364730143316018662e-01
-1.000000000000000000e+00
1.256533359731598076e-01
-9.808926113119523782e-01
2.573194724716527104e-01
6.285852273097466414e-01
-4.070700127794432688e-01
7.263448831283412233e-01
7.536156437495830085e-01
-1.000000000000000000e+00
-7.871436319481545096e-02
8.113077754473289049e-01
-4.648207468857442071e-01
-7.743908562670996920e-01
-9.010642261137954412e-01
-1.485387182977964682e-01
4.967340080912482358e-01
8.547406665521911640e-01
6.360907134825664055e-01
-1.799391579096887295e-01
5.105119305029408583e-01
-1.000000000000000000e+00
-4.974192740971685733e-01
7.985274583035045781e-01
-4.461521353498854037e-01
4.076970264971025576e-02
-1.319850823846018262e-01
2.907570830349434088e-01
2.569602247094245895e-01
7.366093009585058526e-01
-1.000000000000000000e+00
-1.000000000000000000e+00
4.586096432005463130e-01
2.268602807313607195e-01
9.038710010659795069e-01
2.725326329063006425e-01
2.610817482517299171e-01
-8.060613688239129382e-02
-9.549420057935650297e-01
-1.609244348864218577e-01
2.523292772589197375e-02
4.186769331763353086e-01
-2.493184735249412143e-01
8.363749687893820006e-01
-1.507355192372886732e-01
3.882766064803857553e-01
-5.977362453669021747e-01
9.070606759615499337e-01
-9.411843997745191759e-01
-2.971586815948711879e-01
3.909761473848235580e-01
1.000000000000000000e+00
4.306683116036266745e-01
1.270501352662093686e-01
-1.000000000000000000e+00
2.314720325850581906e-01
6.107445165097626777e-02
3.054620128264948220e-01
1.738913553857212579e-01
-5.348158394631512547e-01
-6.049141548668884871e-01
-6.560939219340480300e-01
-9.804326274688537901e-02
8.096821867432152375e-01
1.275105677167547857e-01
-1.555658945438896101e-01
4.780857750807900319e-01
-2.784347208403155083e-01
-2.956167674342839446e-01
-2.759768512827526221e-01
-1.125709662860929494e-01
-1.000000000000000000e+00
-1.446180769297109869e-01
-5.116899324688066741e-01
-2.063922237189458053e-01
6.589427365438247364e-01
-6.441159762721885285e-01
-1.000000000000000000e+00
4.081070757942099059e-01
-8.428200762150059311e-02
-9.050438737026442748e-01
-9.705097059636761392e-01
-1.000000000000000000e+00
-2.066707944613661307e-01
-5.669043321010107661e-01
9.102379154025692920e-02
-7.158156150741602497e-01
-6.025720980025691675e-01
-9.396584434166053157e-01
1.000000000000000000e+00
6.272557768211843854e-01
-2.882312438042371472e-01
7.764591826636391136e-01
-2.936186485518416101e-01
4.153556145391594789e-01
2.377856481197813121e-01
-3.892000861771618414e-01
9.735103091884137472e-01
9.473496820744924385e-01
1.000000000000000000e+00
-3.584700166878120320e-01
4.470587115851364923e-01
6.282683401246953458e-01
-8.451598890001917885e-01
-6.383765969871658674e-01
-7.297038547849918344e-02
3.504377793596381574e-01
-1.000000000000000000e+00
-3.189700698200652607e-01
6.194310021154331158e-02
6.388699781027840086e-01
3.170719950698615008e-01
-2.656727507973756230e-01
1.000000000000000000e+00
-3.856478157435991316e-01
1.000000000000000000e+00
4.150710181921523079e-01
-1.745601900822380537e-01
-6.223613120252556863e-01
2.948866328657130387e-01
-1.000000000000000000e+00
8.559728488952751402e-01
9.644145573785715131e-01
-6.461243742049743721e-01
-2.618991337422980625e-01
-6.144227075157573381e-01
1.000000000000000000e+00
-7.750613180936957169e-01
-4.129924654796004457e-01
-8.352116186771734174e-01
4.519662955118384229e-01
4.300718456144467794e-01
-1.620366324432333527e-01
6.374996542699904456e-01
3.892757140829308793e-01
7.455742210729431330e-01
8.530006916632489888e-01
-7.105204334244534792e-01
6.144354733665386981e-01
-1.260515843309479855e-01
6.485996611006459300e-01
-8.495349702915808709e-01
-3.492941227567430973e-01
-6.646286358137376560e-01
-1.948167883290475855e-01
-1.136967592679949401e-01
-3.649014432890081983e-01
1.000000000000000000e+00
1.000000000000000000e+00
4.927122366039268231e-01
-4.067965568348631544e-01
3.945389993388818267e-02
-3.802032155256865886e-01
1.000000000000000000e+00
-9.858038392016144069e-01
2.510881780182024903e-01
-1.866598100902518986e-01
-2.565370336495390036e-01
-6.672533319451996459e-01
-2.315446828683838387e-01
1.000000000000000000e+00
-5.792689552079690607e-01
-1.000000000000000000e+00
1.812249656163879286e-02
-4.510787484816228821e-01
1.870344026232134416e-01
-3.368568682906769585e-01
-1.000000000000000000e+00
8.198939463651082615e-01
3.961605613698808148e-01
5.596126601559739955e-01
-2.826245867612963147e-01
-1.835698838973034708e-01
4.382032767043551602e-01
-1.000000000000000000e+00
-3.663162209466794272e-01
-3.435158217923356405e-01
2.736712803212170142e-01
-3.634475366500624638e-01
2.343838010025190988e-01
9.707027755201849684e-02
-1.000000000000000000e+00
3.361488585402955809e-01
1.816888534158155322e-01
-1.492498510982152859e-01
1.000000000000000000e+00
9.427657362858712364e-01
4.795321772337041155e-01
-1.063859596458213708e-01
-4.537639051277210789e-01
-2.032205127530434946e-02
1.000000000000000000e+00
1.090765057486025591e-01
-8.836521025415978725e-01
-8.626726057648836932e-01
5.143389232784920662e-01
4.123123024469748099e-01
5.447323590785525527e-01
-2.910850083710610492e-01
-1.478256695570470125e-01
-9.228189794494250364e-01
1.376643742954236638e-02
-1.000000000000000000e+00
6.215630993349470224e-01
3.542747679497444402e-01
-1.602201687206542685e-02
8.521577438081086031e-01
-9.380022017643308008e-01
-2.373890771435738234e-03
6.237140751169646669e-02
-4.967353336040535305e-01
7.630499821067713295e-01
5.495433878757894908e-01
-2.962698295803549708e-01
4.622102892558312970e-01
1.000000000000000000e+00
5.578076837695638002e-01
9.513329162487729196e-01
-3.087588385767616184e-01
2.932355451787164724e-01
1.486682897003795412e-01
-9.236973996046821123e-01
-1.000000000000000000e+00
-6.001078726639030858e-01
-1.000000000000000000e+00
1.000000000000000000e+00
2.464637395634941552e-01
-9.385685448911051942e-03
1.349196745396066821e-01
-1.179159916036074396e-01
-3.084722489491473207e-02
-1.641210412799133656e-01
-3.872621071618196353e-01
-1.000000000000000000e+00
-7.170727054624742580e-02
1.000000000000000000e+00
7.439066668873920429e-01
-6.280552428231511719e-01
-2.564914505510821896e-01
-1.000000000000000000e+00
1.000000000000000000e+00
5.004874900446271146e-01
3.892476513408049676e-02
-1.000000000000000000e+00
2.035252183321351396e-02
4.142995970331243005e-01
-1.000000000000000000e+00
2.071902291965705967e-01
-5.840815517981272631e-01
5.373841829794209213e-01
5.512538737836892855e-01
2.044934668398145639e-01
1.000000000000000000e+00
-1.000000000000000000e+00
3.612529824876350437e-01
-1.686501515668105133e-01
1.000000000000000000e+00
7.916726032645430289e-01
-1.137603989589591469e-01
-1.000000000000000000e+00
9.979818862465497098e-01
7.087965381155976186e-01
2.480628199522484645e-01
