1.349499788565198810e-01
-4.655015037865560812e-01
-2.219858487493828747e-01
4.268836557499336437e-01
3.080127342771872279e-01
9.778396874671748673e-01
-1.622066029367586482e-01
5.316824646691021838e-01
-6.817665448617505897e-01
-2.932677890647773511e-01
1.166433960291880789e-01
-1.000000000000000000e+00
4.793820243200588305e-01
1.133482455939537337e-01
6.187514913190145238e-01
6.710015379110320088e-01
3.844447779334288495e-01
-2.596359463578998272e-01
-2.970991985035407179e-01
6.771902428515446104e-01
-2.058610952104152070e-02
-7.515634985515776689e-01
-2.501845158430758831e-01
-3.157973193544612589e-01
-4.724360553682036556e-01
-3.775473333388831843e-02
-2.035011672602416444e-01
-4.799431127630199301e-01
-2.920193290825496835e-01
4.235781039579363805e-01
4.529508184701096229e-02
4.567903061987279578e-01
7.465097692549651498e-01
-7.423706226136117525e-01
4.116752279925792180e-01
4.790201608879030015e-01
6.225476612237699214e-01
5.497969278795011849e-02
-9.991676267232774133e-02
-3.799153615235556503e-01
8.893174566539252535e-01
9.332635863709597412e-01
-7.720604178241445847e-01
-6.183774826007992775e-02
1.000000000000000000e+00
1.000000000000000000e+00
3.601941465516694807e-01
3.923462203198331277e-01
-1.000000000000000000e+00
-6.722001328677024157e-02
4.954666163413945501e-01
-1.000000000000000000e+00
8.996681650076709946e-01
-7.783262032953708331e-02
-4.933798858602070347e-02
1.967226141566946751e-01
-7.431044825937722920e-02
5.029603866202017048e-01
7.575116666521222175e-01
-2.578975243525198913e-01
5.239890410494735251e-02
-1.000000000000000000e+00
7.125886824139940900e-01
-1.000000000000000000e+00
2.837238096067947746e-01
3.404963346882572406e-01
4.340542084856207072e-01
-1.000000000000000000e+00
-1.000000000000000000e+00
-1.000000000000000000e+00
-6.233190809022319812e-01
1.000000000000000000e+00
-9.211617846024868772e-01
1.000000000000000000e+00
-1.000000000000000000e+00
8.694875163151827291e-01
-7.819802165577608433e-01
-3.671531230885059782e-02
7.630563164384108754e-01
-4.079832735448239017e-03
-3.905102214451228182e-01
-9.097344708166439364e-01
6.801963512317011906e-01
-1.000000000000000000e+00
9.458948016136023984e-01
2.657566604475781746e-01
2.291556300570335991e-01
1.000000000000000000e+00
-4.307686457476976316e-01
-7.770446969283842931e-01
-6.172370615353672818e-01
1.000000000000000000e+00
-3.893354272776197167e-01
4.807296615192494516e-01
-2.901124515309095875e-01
-6.169065234676229803e-01
5.517682246473550878e-01
-6.218217023539993615e-01
3.717276950988417372e-01
3.359287380853890892e-01
-8.185164800858809597e-01
-7.508796883563773061e-02
-7.073908230526323448e-01
-7.395815031954748875e-01
-1.000000000000000000e+00
6.977648173345684102e-01
-7.655560471417988122e-01
6.052880486765870316e-01
8.647677613060661406e-01
6.045418903502175478e-01
4.788248231375741293e-01
7.358802139236599871e-01
4.668211139569998502e-02
3.400553359284274046e-01
-9.309284697943028819e-01
7.620811119772812336e-01
1.000000000000000000e+00
9.378403006416999865e-01
-8.272598568490380222e-01
-2.485541544228851429e-01
-1.122464816179354757e-01
5.722875453905973409e-01
-9.391219818474039194e-01
-8.346140986331059830e-01
-8.398303828817101913e-01
-3.848568260189009216e-01
-6.261477762382032797e-01
-9.877498486604959771e-01
7.927126339453967052e-01
9.125084740525407634e-01
-2.580973678375607094e-01
2.330067613703946383e-01
-2.344206772438343356e-01
-1.000000000000000000e+00
4.476785568553566519e-02
-6.659632389426679566e-01
8.592296870026772115e-01
3.335211832072478289e-01
9.006975138504219602e-01
1.000000000000000000e+00
-8.198044294505515972e-02
9.033841722712944167e-01
-6.416122237384458415e-01
-1.464121084148776730e-01
4.037603425105467658e-01
-1.056702323515371356e-01
-1.000000000000000000e+00
5.269475602766343636e-01
-9.498208672636607175e-02
7.662163637000892757e-01
7.047722718794795504e-01
5.117502130080643363e-01
2.036850453020528640e-01
1.835692374372319691e-01
-6.450690998768184858e-01
3.523132936372044277e-01
-6.492428993489796074e-01
8.022249497657985007e-01
-2.049093215804473900e-01
1.147958848098347140e-01
-2.587104676255906899e-01
6.910755715352007167e-01
-1.000000000000000000e+00
1.973091668304878532e-01
2.706396141248867959e-02
5.336924170087883335e-01
-1.763586855989540958e-01
-1.000000000000000000e+00
-7.973539180801869630e-01
7.921954531762986917e-01
-8.488492190356897726e-01
5.060204967006427523e-01
2.420300011440634780e-01
3.518119161158417274e-01
4.958485758044227643e-01
-1.000000000000000000e+00
-7.832437227014482639e-02
1.172040101308141763e-01
6.840903927512049787e-01
-4.755386481704949597e-01
-1.417807198729204576e-01
5.285387859100632024e-01
4.491193866182760508e-01
8.395923448957873236e-02
-6.820056488119073945e-01
1.262271853998579163e-01
7.245093762148384353e-02
-4.196161211428383053e-01
5.106283068895075550e-01
-1.911337886098286032e-01
-8.673072780986638974e-02
-1.000000000000000000e+00
-5.542440867230161716e-01
1.000000000000000000e+00
-5.474709071348411449e-01
-8.103611543664646089e-02
-5.604729464946413969e-02
1.756313800472181566e-02
1.000000000000000000e+00
-9.433914762718280667e-01
4.715108344799646689e-01
6.986290185512974427e-01
8.337511969982668303e-01
-1.000000000000000000e+00
1.855955265292113521e-01
-3.826964414128484759e-01
8.795635310227560844e-01
-1.000000000000000000e+00
-5.257105213179006364e-01
-1.467741227741339860e-01
1.540133052016524340e-01
-6.367641294284021036e-01
5.883828977275888938e-01
1.796924595327406560e-01
4.408857110894438547e-01
-5.656065947759675305e-02
-5.844530328098117566e-01
-7.048697312783516189e-01
-5.608417286377778144e-01
-5.466159619201516051e-02
-5.062267740833203966e-01
8.814395780876950193e-01
-2.087384005669674636e-01
2.185010901701736064e-01
-2.855566094049922787e-01
-2.136789232598818311e-01
-1.663947349109571872e-01
-1.397975109025562102e-01
-7.330090884195877843e-02
1.000000000000000000e+00
1.000000000000000000e+00
-8.363218479851537435e-01
-1.000000000000000000e+00
-7.479070535596870073e-01
5.866532995886104551e-01
1.000000000000000000e+00
-3.963986361936306935e-01
-3.386076868225812997e-01
3.414881010741888101e-01
-5.724894367803928796e-01
-5.168434242337685003e-01
1.000000000000000000e+00
1.169691678258840961e-01
7.042951575519682539e-01
4.929046014141689191e-01
-1.932483235998556648e-01
-2.318920888638023592e-01
6.239593343843772288e-01
8.767051672447973010e-01
1.000000000000000000e+00
-3.250305103366574189e-02
-4.638094014472953219e-01
1.000000000000000000e+00
-5.219457096413622210e-01
6.345839495760725590e-01
-3.965664565413165032e-01
1.000000000000000000e+00
5.795745553498557467e-02
-7.345944565129554071e-01
3.028987633740778951e-01
-9.678192282492612541e-01
-1.000000000000000000e+00
-1.121388217205245841e-01
1.000000000000000000e+00
6.041081550341070860e-01
