9.160510104824546307e-01
-8.687506006846745787e-01
-8.540842123533587404e-01
7.317619419921929103e-01
-1.700784549228369080e-01
1.000000000000000000e+00
6.278713622293674579e-01
6.087423912247088564e-01
-1.110621836015350805e-01
7.403496933713842321e-01
-2.152801616387669814e-01
1.000000000000000000e+00
6.396717120036717885e-01
2.297850591959407773e-01
6.275482434617837280e-01
1.255507832255664535e-01
-2.372677215948201801e-01
-5.885510722433376918e-01
-2.356451921492817847e-01
-1.000000000000000000e+00
1.905104093881515859e-01
-1.000000000000000000e+00
-3.452859650904895328e-01
-2.781322598280874803e-01
-1.000000000000000000e+00
2.859153777140159280e-01
-4.523481892678533622e-01
-4.364547318825567346e-01
5.993014346507979928e-01
-5.024944281661050116e-01
6.746872457827792768e-01
4.914584805471875484e-01
1.000000000000000000e+00
-5.276095804343756690e-01
-7.666591863921854433e-01
4.082576447010671794e-02
7.837074224161394431e-01
-8.774477805142779641e-01
2.359548751641049602e-01
-4.824411308570382695e-01
8.161806595090086436e-01
6.180028757187239208e-01
-4.174872379080122320e-01
-4.518883865160211455e-01
3.992809548274435794e-01
8.265214624867980309e-01
-1.000000000000000000e+00
2.825306318180262899e-01
4.473449915373829411e-01
-2.023321078534805473e-01
1.458548034534628557e-01
-2.616684945173577415e-01
9.068627626676772913e-01
7.218557670473303434e-01
-9.587320059916045745e-01
-2.285989802400216209e-01
-2.094467467593627008e-01
-9.994558526881551774e-01
9.985858475344835394e-01
1.429997101259170567e-01
-9.230307844731878708e-01
9.389453897370226843e-01
4.696380170639149476e-01
-9.674764944716153225e-01
4.405153365405048427e-01
7.753028078031112269e-01
1.000000000000000000e+00
-5.636522749972904256e-01
3.896117536106710050e-02
-6.202588198061969038e-01
-6.042355350350435694e-01
7.373177847761334114e-01
-5.967968207900679056e-01
-2.078681117011187129e-01
-7.411108438578313251e-01
9.148320359149444414e-01
-9.949438269060640883e-01
-3.652530698144568211e-01
4.770263491481505636e-01
1.095690328990706064e-01
-4.484668112521469352e-01
-1.000000000000000000e+00
8.325811040295484355e-01
-6.252030075405347054e-01
2.930838876292631706e-02
2.736286578090557642e-01
-2.545470930210176341e-01
4.395828395541533928e-01
-1.000000000000000000e+00
-5.424920820694304480e-01
-3.412371402360572792e-01
-6.687130869049887627e-01
9.305412181692747087e-01
8.511941840509278379e-01
1.000000000000000000e+00
1.604050248636276210e-01
3.166022964288801589e-01
-7.155478009458913213e-01
2.134373026767043269e-02
-1.000000000000000000e+00
-1.000000000000000000e+00
-1.125141180320742978e-01
-7.355776068877556417e-01
-7.079724287785537085e-01
-1.000000000000000000e+00
6.575422631341073521e-01
-4.148909188338545939e-01
6.313455552632214474e-01
1.000000000000000000e+00
9.540246074761640216e-01
2.525656612393514244e-01
6.381978338319039823e-01
6.725139724975114086e-02
7.371958364068109670e-01
-1.370908832043988834e-01
-1.000000000000000000e+00
1.000000000000000000e+00
5.164190831424988470e-01
-1.000000000000000000e+00
-2.849378407005906944e-01
-2.876394689324365261e-01
7.199459167574893126e-01
-7.087130958394196600e-01
-9.350345952691132556e-01
8.413297461709612346e-01
1.000000000000000000e+00
5.843361563335539577e-01
-8.792006060389778721e-01
6.557948169061800225e-01
-1.394660287927137199e-01
7.558249273657913214e-01
1.422336186334313135e-01
-2.481357753836215818e-01
-9.609900989584974074e-01
-2.636057099539427379e-02
-5.256738050532627771e-02
6.305162718433368063e-01
5.210045637457615397e-01
9.409032182331242833e-01
2.253494522783047183e-01
3.165807729977914153e-01
6.305434920122544584e-01
-9.785846478871051968e-02
4.308062510769495451e-02
-8.754268172797969871e-01
7.515349883082342863e-01
-1.000000000000000000e+00
9.627125898692494577e-01
-1.905052643264240064e-01
1.000000000000000000e+00
2.710760302136701050e-01
1.000000000000000000e+00
7.879569475611059026e-01
-3.119676065008172294e-01
-8.061994722823259130e-01
1.000000000000000000e+00
-1.270600052343464070e-01
9.994746139551349273e-01
-1.000000000000000000e+00
-7.337358260501558593e-02
-3.435018848813068959e-01
4.305064245413606216e-01
-4.186077838508646121e-01
6.827417983824846104e-01
6.731274983009417623e-01
-1.000000000000000000e+00
5.221156407943762234e-01
-1.000000000000000000e+00
5.090609155164826927e-01
-4.092917196251417145e-01
-5.569115172900682698e-01
4.336907265426379610e-01
1.000000000000000000e+00
-3.128199704553491500e-01
8.800607889412133122e-01
-8.711775529551710751e-01
5.261426280159477997e-01
1.000000000000000000e+00
4.383064331778375733e-01
-9.192689339349858768e-01
-1.000000000000000000e+00
1.326475825929006869e-01
-4.837062856641445585e-02
-1.000000000000000000e+00
4.631849736394250128e-02
1.000000000000000000e+00
-1.376160276327317022e-01
-5.413655778282545628e-01
3.149489573439917534e-01
-1.776981394024205185e-01
-2.416360616971998110e-01
1.000000000000000000e+00
-8.223213378970417597e-01
2.653103146343623875e-01
-3.902821590186182910e-01
-5.221938068229070584e-01
-3.211832320872334834e-01
-7.520836733083516856e-01
6.939052251613415656e-01
1.000000000000000000e+00
1.261643155067138367e-01
8.262066393681397614e-01
-6.637324937966044835e-01
-6.632101214706794812e-01
4.380629084692430064e-01
5.607788414807240995e-01
1.000000000000000000e+00
9.864901254436831968e-01
1.000000000000000000e+00
-3.289182964993789815e-01
-7.812984016837819512e-01
-4.572725581293067831e-01
9.314105678217858841e-01
3.444885200716824025e-01
7.024273068678116294e-01
-1.665374743380930167e-01
-1.000000000000000000e+00
-4.328143431349428250e-01
2.474198784629804415e-01
-2.358543618769882722e-01
-6.879545583453950952e-01
1.000000000000000000e+00
-7.554845415433476541e-01
9.858752385250899586e-01
-2.502469824420869293e-01
1.000000000000000000e+00
1.343751401458331274e-01
5.956280343695601331e-01
5.474051836768571988e-01
6.623106244499574191e-02
5.260589447860095635e-01
-5.603472152123027961e-01
-6.770753803126873249e-01
-6.551460727768736447e-01
7.248665720018709901e-01
7.858280921300711541e-02
-5.476669849747499708e-01
5.220123943476985273e-01
1.000000000000000000e+00
-1.082853520629734195e-01
-1.957758200087361955e-01
-1.000000000000000000e+00
-6.471916710773596426e-01
4.826348381831422341e-01
4.951658954737203633e-01
-2.373640367522565076e-01
1.000000000000000000e+00
8.296956715862987553e-01
8.527255476563084802e-01
9.963942844018252032e-01
-4.967532882808787242e-01
4.687622706392755578e-01
1.825976528677804578e-01
-8.839513118771444855e-01
2.752436544590756151e-01
-1.000000000000000000e+00
1.280954644377680085e-01
4.229378699673035924e-01
-9.641301808047320065e-01
7.037960131129129548e-01
-9.847086353966820749e-01
-5.578515840274409499e-01
-1.688466489941969628e-01
3.070246147232044143e-01
8.149254394921066069e-01
