1.896953438311274331e-01
1.863554658009417553e-01
3.389231953404813202e-01
4.526644307918073484e-02
-6.700196903892406963e-01
1.161340866689711260e-01
1.239260007451509632e-01
-2.110557589180599436e-01
8.650018519594072641e-01
-1.000000000000000000e+00
6.464950393115069804e-01
2.643104266846919154e-02
-9.542792345699659950e-01
-2.065765723195312209e-01
-5.492763129349690354e-01
1.962288107376302937e-01
-1.875677801955933088e-01
-1.000000000000000000e+00
8.114359104299377901e-01
9.984738025701772601e-02
4.375666273534059014e-01
-4.188660403479828320e-02
-9.977061510643717712e-01
5.305474487667384553e-02
8.214081430567352626e-01
1.000000000000000000e+00
6.637013977617156613e-01
-1.167649342589055506e-01
5.189594497943522677e-01
5.318277521251608686e-01
-6.784340919647547929e-01
-1.000000000000000000e+00
1.466465168365895244e-01
6.155727917045644704e-01
1.000000000000000000e+00
-3.063730449739607287e-01
-1.000000000000000000e+00
6.535565038364156143e-01
-1.862732770746736155e-01
1.980978134122863554e-01
-5.337158208606588294e-01
5.043773249025789163e-01
-9.384582526390308765e-04
2.353377714237426255e-01
5.577236940333798465e-01
-1.000000000000000000e+00
-1.000000000000000000e+00
1.000000000000000000e+00
-6.858435712814270335e-02
2.801888077831054535e-01
1.000000000000000000e+00
-6.197136937252388789e-01
5.220468165375580227e-01
-3.757290596092160984e-01
1.000000000000000000e+00
-7.780742030257981057e-01
4.381805045422653699e-01
-6.586187725228348500e-01
-1.376222412232915859e-01
-1.225841440110943814e-01
4.026736191788945485e-01
7.990658308164043655e-01
-3.014747548716812525e-02
2.045478558804416161e-02
2.344041467523239053e-01
4.574726161555664472e-01
3.987581916872114385e-01
-1.000000000000000000e+00
-1.000000000000000000e+00
-7.078479461291022901e-01
5.805527545188355898e-01
-2.020873377721109365e-02
1.757638227750134008e-01
-3.972328873979761865e-01
-5.225023602395298949e-01
-2.308763885286425621e-01
-8.979848345439097601e-01
1.982630964605899826e-01
-5.211302725007451730e-01
5.783126875240877096e-01
-1.000000000000000000e+00
3.372579599874163669e-01
4.650142900549098512e-01
-9.137359169633266776e-01
9.818059367832261408e-01
-8.887301357898849119e-01
1.997134062394068099e-02
5.729919124490681082e-01
3.296681836551364486e-01
9.627984974533566609e-01
5.321073920695376103e-01
7.850133118233973417e-02
1.000000000000000000e+00
-3.355342909129753748e-01
9.634587329156074631e-02
2.463560670680637887e-01
4.467386638214639882e-01
-1.000000000000000000e+00
-6.971938009474327735e-01
-6.372956300754726300e-01
-4.307636753111117600e-01
1.000000000000000000e+00
-1.000000000000000000e+00
-5.887177592698448203e-01
-9.789085694770457424e-01
-1.663786806040183086e-01
-2.784108041527118549e-01
-7.714087361712570479e-01
-5.569406983113429632e-01
3.049473002390950399e-02
-3.342749393070103547e-01
1.000000000000000000e+00
-2.824027195525131706e-01
-2.487409120540400309e-01
5.383687157180842009e-01
-8.121684931078541198e-03
2.502023876270292324e-01
-2.262225736389282260e-01
7.042413506212406027e-01
-9.263724693649836306e-01
-5.514801370557049776e-01
-9.867816098699860872e-01
-1.759485281441427462e-01
3.690591049315458116e-01
1.000000000000000000e+00
2.057251831842311918e-02
-1.000000000000000000e+00
-4.446610712371871221e-01
3.561358588824182769e-01
-1.677681527473127154e-01
1.305617846900639090e-02
3.798087096985723887e-01
-7.369946115984055135e-01
6.701228177679571241e-01
8.817747652746540377e-01
2.788360866457512133e-01
4.255970258610167756e-01
-8.586621023269687125e-01
-8.480845743470872833e-01
1.000000000000000000e+00
-1.000000000000000000e+00
1.000000000000000000e+00
-1.000000000000000000e+00
-9.175979408965904971e-02
-6.656772397135466424e-01
2.310210961799810114e-01
4.777564636569879841e-01
1.000000000000000000e+00
9.316976157242957968e-02
-6.874704958094544072e-01
1.000000000000000000e+00
5.190031357222284480e-01
-2.997025627407214898e-01
6.202667388422381523e-01
-2.650547007505565933e-01
1.000000000000000000e+00
-2.041878580385073083e-01
-4.018028127836805741e-01
-1.000000000000000000e+00
-5.938312162689480811e-01
1.598092224804813499e-01
6.383988065006254153e-01
-2.616529340074780219e-03
1.147927078344030682e-01
-1.443406253448544785e-01
-4.361018757452070349e-01
-7.945521771147132789e-03
9.155308773621806395e-01
-1.000000000000000000e+00
-1.329184817372229821e-01
-2.940271531273754291e-01
4.930399316746317817e-01
-7.493587649312256904e-02
-3.958425727204638589e-01
-4.062095381850283626e-01
-1.182389994919043202e-01
-7.436772415018532145e-01
-1.886793724349443979e-01
1.000000000000000000e+00
-3.400901569203435004e-02
-2.421264460396757578e-02
6.839610880616506794e-01
-9.825625548615618543e-01
3.870047939154070971e-01
-2.538776231040623665e-02
1.000000000000000000e+00
5.696408174835126959e-02
7.804110886129866920e-01
2.894492682613419854e-01
-8.223705002099553074e-02
8.471041777467509803e-02
9.377872031561568233e-01
4.437614744688487267e-01
2.442976754790675276e-01
-8.506729371030296027e-01
-7.907120642414536271e-02
1.000000000000000000e+00
4.573590810759115000e-01
2.725007202756536684e-02
-1.087054606136847457e-02
-5.914704957843186506e-01
1.000000000000000000e+00
4.519854200821565859e-02
-1.599117984875315923e-01
5.795966533638456930e-01
9.033820498437608593e-02
-9.470929424505287741e-01
2.964138583375254266e-01
7.403320830341935110e-01
-7.687667203110718495e-01
-6.141070347280775943e-01
-1.000000000000000000e+00
1.463445159028496090e-01
5.636672439625407538e-01
-2.807200898432462011e-01
9.699039987310810185e-01
-2.834907064176876990e-01
9.986189928584767728e-01
1.000000000000000000e+00
-8.814043937152929997e-01
2.726819294352018641e-01
1.000000000000000000e+00
8.857727352123099251e-01
-1.000000000000000000e+00
9.989271168304306170e-02
-3.398537665222263471e-02
-4.546240771682890092e-01
1.080336160475252327e-01
-3.875598594840446443e-01
7.011174760700275010e-01
-4.389726152804874770e-01
-5.560743434357590109e-01
5.264640256866652546e-02
2.722434641714155390e-01
-1.705212797702670979e-01
-8.416607999746150703e-01
3.112751432429774479e-01
2.270841980507908309e-01
-4.347226719245886883e-01
-6.046626782328692884e-02
-8.444013897899451671e-01
7.515187531667797405e-01
-9.939840770799681646e-01
8.160534867116651103e-01
4.582856887423680803e-02
-8.672824570591518567e-01
2.557770049655466726e-01
8.975389737124896961e-01
5.563076597557634617e-01
7.576922743179199671e-01
-7.028782305307640366e-01
6.678312701745814373e-02
-3.267523765685392823e-02
1.000000000000000000e+00
4.631771720111526602e-01
8.349676596304517195e-01
-3.954936460856584013e-02
-1.592723730256001835e-01
-2.569030248619381673e-01
2.744818984924374816e-01
-6.452136836944021292e-01
6.538252025947552948e-01
1.000000000000000000e+00
1.000000000000000000e+00
9.556488933286094722e-02
