4.313678593113475790e-01
6.070757387709780906e-01
1.000000000000000000e+00
1.089886040658019917e-01
-1.000000000000000000e+00
6.640124542207592739e-01
-1.554515642786746810e-02
3.357733407382610946e-01
6.622815927514136281e-01
1.357293406529409552e-01
5.633412305010226939e-01
3.940254989170529076e-01
-1.546781029032463506e-01
3.633337743921398744e-01
8.218648920324678198e-01
7.132102255829134707e-01
1.405747940550998096e-02
-5.104263281347427572e-01
-8.306332517116432612e-01
1.000000000000000000e+00
2.379414555087769334e-02
-4.486236100891298206e-01
-2.592905972242280921e-01
3.475884020213657055e-01
2.355139329630285550e-01
1.000000000000000000e+00
1.266702245260552528e-01
-7.723533198155537738e-01
-2.755071566638624958e-01
-6.811652458770517393e-02
-2.803725781999196198e-01
-7.391739464506648094e-01
4.933404873350543118e-01
-1.000000000000000000e+00
-1.027203493513768051e-01
1.986021053780496759e-01
3.422882521641622544e-01
1.000000000000000000e+00
-9.398936157264405900e-01
-3.508331632976298131e-01
-8.729684615736112985e-01
1.277849488564661018e-01
-4.727457510240226646e-02
-6.675182306259657139e-01
2.220398025361143834e-01
1.000000000000000000e+00
2.573138388234916807e-01
6.818331200883869236e-01
1.000000000000000000e+00
-6.548996979159084075e-01
1.000000000000000000e+00
-6.118897156126870684e-02
6.315518037457265588e-02
-1.000000000000000000e+00
-1.000000000000000000e+00
5.025527700690627375e-01
3.374369598370081103e-01
3.156130636775544285e-01
8.356893587037041993e-01
-5.291337873665078462e-01
-8.479170148668471740e-02
4.581610907888419293e-01
-4.724265045020475395e-01
9.509657485149959344e-01
3.430991828207745065e-01
-9.795714152344194847e-01
3.588737119384770996e-02
-2.836839748387054785e-02
3.562055606444150535e-01
-8.074506636937754944e-01
7.953962905464084798e-01
4.109897869923698210e-01
-5.442118294247302313e-01
-3.396697395523075036e-01
-1.000000000000000000e+00
-1.286247853741031844e-01
6.837593324556227037e-01
-8.440549478689520768e-01
1.000000000000000000e+00
-9.792379681697330751e-01
1.665976197611612752e-01
1.862803236980915544e-01
3.578019568956768426e-01
6.047067808067078110e-01
-2.603239629449359827e-01
-2.183217256154684482e-01
-7.262847747572438450e-01
5.205377903418488550e-02
-4.972035986255460283e-01
-9.431205354458736811e-02
-9.911857672392881957e-01
-3.193391230357636168e-01
8.123659341015406765e-01
-5.140532081454143309e-01
9.401004360468548926e-01
-1.330887191180188112e-01
-7.764572300191718845e-02
5.524192651244492769e-01
-7.843591677608878765e-01
-1.776022439405886277e-01
-4.190143680780241686e-01
1.415119147555007062e-01
-2.836777486667588222e-02
1.821266778413537790e-01
-1.205884762453170722e-01
-1.000000000000000000e+00
-5.169780121956466523e-01
9.729726345321558778e-01
1.203369893064779317e-01
5.311123497368157587e-01
3.280468069211226467e-01
5.651069180033305717e-01
-7.377378058213812650e-01
1.000000000000000000e+00
1.000000000000000000e+00
-3.976600010351568626e-01
1.000000000000000000e+00
-2.728098884972516291e-01
2.582339677612794510e-02
-6.203906191400103687e-01
-4.387219703808207250e-01
-4.012315277512217837e-01
-3.473851579722073146e-01
4.991771857804031542e-01
1.774876543026476516e-01
-1.043677728513982272e-02
-7.306789197249234924e-01
2.813867488637914471e-01
3.715609253681779744e-01
-7.674498007921266574e-01
4.799852870246058556e-01
-4.770708241652598103e-01
-9.632510264822058410e-01
6.730669700269887867e-01
1.000000000000000000e+00
-6.071517444276146591e-01
-4.740617232606586517e-02
3.298094402569231587e-01
-1.000000000000000000e+00
8.722063162537468939e-01
7.289170853091774260e-01
4.828541260568282589e-01
-7.183213298411152969e-01
-4.315007741422790533e-01
-3.730514000021396548e-01
-3.215501853909050745e-01
-5.098134015163985344e-01
3.925316938518782495e-01
1.401243428189680174e-01
-1.000000000000000000e+00
7.467279973996097109e-01
-5.188877090086404520e-01
-7.941414911230104678e-01
2.815253450973002058e-01
-3.133534711783886872e-01
-1.000000000000000000e+00
-5.289085555348969070e-01
-6.198801178130501910e-01
4.095916297292679920e-01
-1.537255394691930954e-01
-9.515984903288414731e-01
5.760071237662719446e-01
-2.125174171100520093e-01
-3.125669954841799325e-01
4.325968446784148602e-01
-6.580452309776483322e-01
-3.896410112735497477e-02
9.212030303238559759e-01
4.203518950841932389e-01
4.076360420485102276e-01
-3.587403694570440726e-01
-5.748037095086995230e-01
-2.861500594440546941e-01
-2.105050844831732881e-01
-3.866956575181195732e-01
-9.899905467198560904e-02
-9.572374740771307788e-01
-6.322731577077093101e-01
3.481219090139248129e-01
1.262436928416265924e-01
-2.659058017067293667e-02
5.805579156010963748e-01
-9.469012266467131678e-01
-6.859802500607822262e-01
1.216944352998385326e-01
-4.596513428142662838e-01
-3.775407226494744556e-02
-5.605197465667395296e-01
1.000000000000000000e+00
-7.139374266480937870e-01
2.731088266532350622e-02
-7.680531640977495966e-01
-1.128690165535948947e-01
1.926348993888178651e-01
-6.382343631389368888e-01
9.661692339336034330e-01
7.248152963846227204e-01
5.593999000971481284e-01
2.169993157066688605e-01
-8.756504444162462875e-01
-1.900059425379272138e-01
-6.546787249679792975e-01
4.135036495715424532e-01
-1.979261100613078084e-01
1.000000000000000000e+00
-7.628503964241631907e-01
-6.516016092912384483e-01
5.056450092988322709e-01
-4.136642031339130554e-01
-5.753834066112774037e-01
-7.722161510464917167e-02
-2.010081847921288967e-01
1.308826716891126896e-01
7.996773363724891670e-01
2.235001378875086098e-01
-1.105879734639810819e-01
-5.438702820010330452e-01
7.197346316287043244e-01
-2.009861895763378203e-01
-1.000000000000000000e+00
-7.573404332737830869e-01
-9.943195521039702722e-01
2.091683252035120844e-01
1.867289460011164748e-01
8.974828356237234406e-01
6.840939154380620835e-02
-4.815397848094941091e-01
1.970469548529455717e-01
-7.158461616577473929e-01
9.811309659837627595e-02
-1.000000000000000000e+00
1.000000000000000000e+00
6.588576986661079937e-01
-4.211414548489700316e-02
2.597174134892379915e-01
-1.000000000000000000e+00
4.145153726680386730e-01
-3.402518839371680981e-01
5.682139592887621715e-01
-7.213648350990005398e-02
1.433669526137511807e-01
-5.028130383779590984e-01
-1.000000000000000000e+00
-2.139671877272550926e-01
9.137761531172945428e-01
-1.941939086980805640e-01
-3.018108773337046524e-01
-6.013535962582111649e-01
3.914855928893653525e-01
7.767158028916443246e-01
-7.395774773261359902e-01
-4.334094525083840854e-01
2.905991359557694165e-01
2.236301103905861398e-01
7.585124514339083857e-02
-1.735661434802859004e-01
3.724602114361319494e-01
1.695202447237754151e-01
-5.016654660368016216e-01
-3.538557778165016265e-01
-7.625735056295224190e-01
1.546477075263427876e-02
-4.541581127841798904e-01
-5.307435665453882345e-01
-4.929046613841692182e-01
