-1.759278075779675821e-01
3.289280955414712881e-01
-2.587925754188456495e-01
7.732650259453421882e-01
-1.000000000000000000e+00
3.403412578606479499e-02
3.642199373358511183e-01
2.862509549955488675e-01
1.784343053248615696e-01
-1.391111040505105811e-01
9.774745337027008762e-01
-7.976784657630071607e-01
8.142258634093266223e-02
-8.679807290520905605e-01
-4.172707261388412525e-01
6.533987238881953097e-01
9.709109049548317882e-01
-2.730882496076383892e-02
-1.252753205337065190e-01
-2.218550613143628614e-01
3.745166457123753206e-02
1.000000000000000000e+00
-6.197098659613112792e-01
-1.000000000000000000e+00
-1.873845961003394178e-01
3.693025178166307043e-01
1.625938001082461726e-01
4.734128395665807565e-01
-1.949778931341313304e-01
5.417336664135863344e-01
-6.710571439879722266e-01
-2.800655529070216754e-01
-7.852246595679122088e-01
2.818885192804304607e-01
-6.195319882840961689e-01
4.477677106000800267e-01
8.920405695202939800e-01
-6.716675937178791245e-02
5.090695622642319451e-01
3.503787195869038640e-01
-3.540927935101402801e-01
1.083396766664005417e-01
-8.826571925489501425e-01
-2.409005131844023373e-01
-7.471594720269049417e-02
-1.000000000000000000e+00
-5.337895925366993310e-01
-5.103075257672815557e-01
9.960729710677717064e-01
-6.191795476404622356e-01
-9.497701453371912295e-02
7.197693745731587045e-01
-7.349522712687533987e-01
4.510206981417093086e-01
1.290926636617152345e-01
1.000000000000000000e+00
-9.483935011735109555e-01
-3.997921952446796545e-02
2.933108636921165635e-01
7.931495494146251213e-01
-1.060588459666533395e-01
4.956985679203829154e-01
4.856907504916083140e-01
-1.000000000000000000e+00
-3.821498303177363609e-01
-1.000000000000000000e+00
-5.724388702164204812e-01
-1.008179045482697489e-01
-4.870620979665270245e-02
1.838287837681881198e-01
-7.662224058060312926e-02
6.096143763460222242e-01
-9.111001328301551183e-01
-4.321098227260252722e-01
-4.009478132997781330e-01
-1.000000000000000000e+00
3.226719905983441716e-01
1.000000000000000000e+00
4.143360229471783063e-01
-3.490797731214032029e-01
4.413903788452833155e-01
2.152919179823513385e-01
2.043279510788077735e-01
9.741239879092136178e-01
-7.327867679861105321e-02
8.846466239524990449e-01
-3.632728874506610528e-01
1.793430269992251636e-01
-4.202247338746656902e-01
-3.463707042922947732e-02
-6.012640975676621924e-01
6.696715280554440541e-01
1.000000000000000000e+00
9.374203047044433745e-01
-7.613060837360310362e-01
-7.001132135452581284e-01
-7.909926437205934413e-02
-1.693009815098149573e-01
-4.105427983981655427e-01
7.622219640559652065e-01
-1.842839520554047095e-01
-4.329155076736390662e-01
-1.046796461841006110e-01
6.443436245623003489e-02
1.431446374009674172e-01
-1.831850072240210348e-01
-8.438629066107451449e-01
-6.715337132864575287e-02
-8.324342326014899651e-01
-9.176329451855613772e-01
9.597847898084373996e-01
4.887754071308365034e-01
1.000000000000000000e+00
-4.613102726191454228e-01
9.203205821447563162e-01
8.992649561044279150e-01
-4.891162437896408033e-01
-6.296918238612660979e-01
-1.405059056362207015e-01
1.000000000000000000e+00
3.205145591285149531e-01
7.126552259750846829e-01
3.751686898944368020e-01
-2.711727748310794467e-02
-2.660339681864789529e-01
8.606204868260067808e-01
8.592953686554332116e-01
3.445269435237434119e-01
-1.000000000000000000e+00
3.594925244862528513e-01
-4.245365498177150476e-01
5.883940210485476552e-01
-6.598426463630440164e-01
-2.938234478532907867e-01
-6.343485726833916205e-01
6.638774374143303625e-01
6.063320402049122704e-01
-9.890204724039477480e-01
3.827050626346864548e-01
-4.296562146063128140e-01
-2.321224771994023217e-01
2.140234323054873156e-01
4.296633802216361930e-01
1.206378240828479970e-01
9.738906927170917216e-01
3.149981341906654131e-01
2.341193037461301862e-02
-2.370383206949779609e-01
1.937958760195293006e-01
-4.062816227301521144e-01
-4.282130655577052747e-01
2.596685899111255136e-01
4.679701575431902683e-01
-3.171177187394731978e-01
-1.000000000000000000e+00
1.000000000000000000e+00
1.446395383289089676e-02
-3.580266729630171008e-01
5.370563346522417847e-01
-5.268728821104310539e-02
-3.363192271797434407e-01
-7.181232723586541411e-01
1.000000000000000000e+00
-2.541812688696564182e-01
9.080301121164318090e-01
-6.948157036712434564e-01
3.915068277966734372e-02
8.731164989036581392e-02
-3.256494089788557200e-03
-3.425404180432397028e-01
-1.757523587105902507e-02
-2.126754235073397004e-01
-4.982061109271985755e-01
8.024935906490320292e-01
2.219943716528580135e-02
-5.026887548468522704e-01
1.000000000000000000e+00
4.787877594138195692e-01
-2.311560179596542641e-01
-7.222769918033293823e-01
1.265398887699876462e-01
-9.527667026558472863e-02
2.683245861714457781e-01
-2.717328196708974630e-01
-3.772076796864231030e-01
5.464123546842312162e-01
1.175606757407819808e-01
-6.291556169971038726e-01
9.398851086663856380e-01
-7.099725041261577552e-01
-1.113322186624903232e-01
3.535401422686065484e-03
4.650774367467139236e-01
-1.000000000000000000e+00
-4.444713043559587184e-01
1.585263624246196490e-01
-4.110195326252736869e-01
-8.896871222549079805e-02
7.906078624592272064e-01
-6.116818219537282220e-01
1.078717094921891745e-02
4.584346530414485921e-01
5.728964309326645132e-01
4.953614568029744009e-02
3.769225658723046046e-01
-1.000000000000000000e+00
-7.489361313675942933e-01
-1.000000000000000000e+00
-1.000000000000000000e+00
-4.853706011624623895e-01
-1.000000000000000000e+00
-4.292101795452512025e-01
1.000000000000000000e+00
1.000000000000000000e+00
7.377419384474892539e-01
-1.431007101188931374e-01
-2.041027521307310078e-01
-7.491403912631120487e-01
9.720377416454148989e-01
-2.544262902175749297e-02
-4.309470530159228985e-01
7.769163988437687296e-01
3.061536294081869669e-01
2.144800103655723211e-01
1.000000000000000000e+00
-5.695244782486741375e-01
9.756208121156083601e-01
6.395134535631801231e-01
6.918249403593239588e-01
4.122780664213679391e-01
-4.751951410581933821e-01
-7.313911610722200196e-01
5.571441474965318497e-01
5.158418794620051040e-01
4.330006204045138696e-01
-1.000000000000000000e+00
4.902731536903905118e-02
-1.537319398943691184e-01
5.746369512613105357e-01
-4.202897887440326663e-01
-1.000000000000000000e+00
3.518132105508020580e-01
-1.588854072128541017e-01
4.105320582690361597e-01
-2.554067519647592599e-01
-5.221789950731869911e-01
-5.100895682973164424e-01
2.487456190382755505e-01
-5.198764121160082130e-01
-2.905711417099551275e-01
-9.209493207272928528e-01
-6.348981842619709770e-01
5.874871220125381654e-01
1.000000000000000000e+00
7.432218665363581334e-01
-6.531931610929364584e-01
-8.661186231601626373e-01
-7.735582979379330704e-01
1.713965852051885230e-01
1.855349461528538191e-01
-3.725356521044508873e-01
3.073122773745794456e-01
2.580368541636206547e-01
4.880659697838115596e-01
2.987326742140302693e-01
