-7.231763229831695838e-01
3.753487500742984651e-01
-6.934415111056128067e-01
8.697761144885610696e-01
-8.272782375834573099e-01
1.733527760528125183e-01
2.711745127123428301e-01
-2.925596003188158378e-01
-1.680095898307568947e-01
1.767849850333531037e-01
1.000000000000000000e+00
-8.901005771615460027e-01
5.445289308170799814e-01
-9.940750938084935706e-01
-9.174121617277761764e-01
3.126435816446019866e-01
-1.575496282538503545e-01
2.809184219276600336e-01
-7.286712880059073028e-01
5.254857459101867079e-01
1.141495033552231003e-01
-3.865885269416970138e-02
-3.521437895132742413e-01
-9.347353945390107777e-01
1.110664337443470345e-01
3.380080257039994596e-01
6.629680341204799432e-02
6.338097703511192949e-01
2.379436737376914024e-01
5.614806022356287896e-01
-5.661373437459024105e-01
-4.569095448232523560e-01
-4.384933900000280715e-01
1.000000000000000000e+00
-9.397399350695365694e-01
-1.132234520705423797e-01
7.960702223977899061e-01
-9.987366472287059760e-02
2.214774922823147807e-01
4.874028597099407112e-02
-2.956675851904212449e-01
-1.000000000000000000e+00
-8.916882570179507361e-01
-5.628288081363702622e-01
3.778316493263667586e-01
-7.338860183342800214e-01
-4.954532217733357280e-01
-4.414873962816294184e-01
9.438134460268976511e-01
6.167738430810532080e-01
-2.660648210934498104e-01
3.275403599968486068e-01
-3.914654816063035669e-01
6.154808842327594842e-01
-1.321142429486125147e-01
-5.093284141756196925e-01
7.396171969594085294e-01
-1.699477420685195084e-01
-4.934045503395944471e-03
-1.390914416509813623e-01
-1.941786206726078545e-01
1.191417754659146455e-01
1.843654150941998471e-01
4.741194004714914256e-01
5.060857172036352380e-03
-6.267112030228059183e-01
-7.676210309290554257e-01
-3.546993648222361295e-01
2.594299817140245379e-01
-8.113726051533234340e-01
-8.629770274677290853e-01
4.746711772961945686e-01
-9.826804842205428825e-01
-1.000000000000000000e+00
-4.764947377124715833e-01
5.158458694777409148e-01
3.093475388537151871e-01
-7.463720172814666265e-01
-1.797474617189493973e-01
-2.508354710157701950e-01
-1.000000000000000000e+00
1.976530476763500577e-01
3.840238151119638177e-01
4.224495196915746265e-01
-8.352125264337750821e-02
3.054300425972610866e-01
7.626846949027343836e-01
4.903070084401514039e-01
-9.130984163625278649e-01
1.123829024012178990e-01
-6.627467777910918123e-01
8.272454980186588758e-01
8.277874620416064699e-01
-3.419052242488987425e-01
-8.015418300166866628e-01
-9.890024465272789778e-01
8.015197985555003179e-02
1.000000000000000000e+00
5.121109234836166424e-01
-1.000000000000000000e+00
-9.895483167213884323e-01
-9.449987037325517925e-01
-2.709729286257818170e-01
2.229004242844656869e-01
-2.836482537708535090e-01
1.000000000000000000e+00
-5.947715703884752791e-01
-1.617821782111203144e-01
-7.908300187138658233e-01
-1.000000000000000000e+00
5.674483459064574298e-01
7.151054329725552439e-01
1.000000000000000000e+00
-4.118774754023703522e-01
7.733507596178806898e-01
-4.837328652231727422e-02
-7.029808785192791509e-01
-8.808158172008959674e-01
5.718235276612325391e-03
9.905150701036187222e-01
-8.833056784796141647e-01
1.000000000000000000e+00
9.988946269803347100e-01
-3.413043224910483620e-01
-4.326897829722540778e-01
7.572451353036400157e-01
-5.320313928456311958e-02
6.393116210291956980e-01
-1.921392809250413169e-01
4.158708176918057831e-02
-7.987103305401704878e-02
7.370420094173989467e-01
-9.016011693931713644e-02
-3.307527780796769012e-01
-4.580299951086028720e-01
7.229468615364947892e-01
4.263297091136889483e-01
-8.997565489131567062e-01
3.353292454693039271e-01
-1.000000000000000000e+00
6.582573873675623410e-01
1.461298134211239108e-01
4.645180501683108809e-01
5.780126062327169134e-02
1.000000000000000000e+00
4.502125620345305279e-01
-2.656327434198517135e-01
1.000000000000000000e+00
-2.419472175260571900e-01
-6.502694611799625379e-01
-3.292598356855852004e-01
7.825934697080434432e-01
2.096681942137536558e-01
-1.000000000000000000e+00
1.559178310375614607e-01
-4.197199633560358967e-01
1.173517885731530444e-02
-4.978959189555154929e-01
9.994540595446090858e-01
-1.592139231791824261e-01
-3.655412649205170839e-01
-5.015576630409261938e-01
3.572434404305304678e-01
-8.287629986596555254e-01
-3.801017542518326797e-01
-7.491123589213709577e-01
-6.295365645141710875e-02
-5.811479386464672714e-02
-1.905293964071416712e-01
-4.484732613835203385e-01
-3.884193980120101974e-01
1.969241546719797953e-02
-6.778835053791727461e-01
9.525325580059207375e-01
2.504938805405331204e-01
-3.213022024490614914e-01
3.293311208710767435e-01
-2.432384869467320576e-01
1.938732154622357234e-02
-5.276908506561163170e-01
1.975937125502761349e-01
2.103505649546082712e-01
2.586251074562517793e-01
3.183972069591963217e-01
-3.348352197943232911e-01
8.055526909610764008e-01
7.253343853085559845e-01
-7.489648789547854735e-01
2.442817821354863472e-01
-8.899140563369933865e-02
4.564766582070071133e-01
3.041080781463302574e-02
3.051227709455039405e-01
-7.288363602954411880e-01
-2.151983621744598119e-01
5.511571098602061625e-01
-2.039608667535627862e-01
1.717169531064968446e-01
9.556906553883054434e-01
-8.940060679672575672e-01
-1.736950757361111486e-01
1.000000000000000000e+00
4.353891333395111252e-01
1.025855088959326672e-01
-4.939693757443046618e-01
-3.441516394769484899e-01
-5.424400919640343099e-01
-4.329059609101794104e-01
-5.030400515106843162e-01
-9.411229447337576826e-01
-5.294019483587855124e-01
-4.166271109786190419e-01
1.000000000000000000e+00
9.431206100500606482e-01
9.188894878178071046e-01
1.959805314451206482e-01
-4.560915793913672411e-01
-4.775991000468574055e-01
1.000000000000000000e+00
4.485078019179639108e-01
-8.120325535890158264e-01
4.693281097210829644e-01
4.826642227207586511e-01
6.844917616474712752e-01
8.635704343259361648e-01
-6.421505164224693418e-01
9.316950000334278670e-01
7.168855388831854025e-01
7.908551100642018383e-01
8.638252288855302607e-02
-9.842748249111168413e-01
-7.481946819212418331e-01
2.514423734612363237e-01
1.771112370684133630e-01
4.399477134798935318e-01
-9.495404439741511604e-01
-4.371484699073768243e-01
3.817250295500968504e-01
7.307084246814540274e-01
5.114075583023458549e-02
-3.330127301747697888e-01
2.972231395864193271e-01
4.627616510500295322e-01
-5.112805577616388319e-01
-3.188196445693763925e-01
-5.452680117261019532e-01
-2.380503711240327669e-01
-6.428203455591169346e-02
-9.393371201438994733e-01
-3.528270498103807107e-01
-7.733657610313188213e-01
-5.682417955881422511e-01
1.000000000000000000e+00
1.821732490596214837e-01
1.972454915284958532e-01
-8.584020531321053804e-01
-3.277970020034816079e-01
-9.447446522876477015e-01
1.592456342443823170e-01
7.750115612490413586e-01
2.816760118707100635e-01
1.905601243047701510e-01
-2.305251902798141350e-01
3.566598022626751852e-01
7.121005520586974891e-01
