-5.406173067508915908e-01
1.210577576007896505e+00
-7.569617544003977017e-01
1.122974226660521622e-03
1.020962256700470583e+00
4.210112042523682652e-01
7.059888336079378490e-01
7.477445206037516279e-01
3.288064161113157802e-03
1.897401854137668320e-01
-8.331552645881287744e-02
-4.409187922357912792e-01
-1.460872606247899164e+00
-2.102071037178565582e+00
-6.855515962947628106e-02
8.719588416450130275e-01
2.280110990672932658e+00
-3.141880822251196248e-01
1.199791044341122159e+00
9.989231034390951836e-01
-8.439405064825062919e-01
8.528776933461578169e-01
1.443297215038193138e-01
-9.942155612219867322e-01
-5.163052474171851980e-01
7.375887344779379351e-01
4.676049699327334830e-01
-2.216995620676743828e-01
6.116211588337997496e-01
3.353862407464844431e+00
-1.432741445603260777e+00
1.635871151849603633e+00
-1.891174269769226646e+00
3.034469766142109837e+00
8.665457772269019240e-03
4.504813837689447542e-01
4.437474506661073237e-01
-1.805771451937945304e+00
8.809816615190024791e-02
-9.802246381652565677e-02
1.066176810283429921e+00
1.084136326919782345e+00
4.417388291480290885e-01
-1.621533529997514211e-01
-1.040085238760890096e+00
-4.330313836387847948e-01
-2.594436031865922088e-01
5.235953905080479309e-01
-1.171963797997073842e+00
8.144236895570773349e-01
3.606500697914366560e-01
1.011701159142366580e+00
1.604876372719415079e+00
-2.641870617163676882e-01
3.570615522158070987e-01
-6.357418904723093345e-01
1.096611544754235279e+00
-4.078518272425289970e-01
1.171515806534928483e-02
4.133602334320518601e-01
7.362730107192915208e-01
-1.086945019288107384e+00
4.273246344520979512e-01
-6.837266834515265401e-01
-1.105879203258055554e+00
-4.576649340672047650e-01
6.749904002741450304e-01
-2.938985782153452631e-02
4.857240490972286606e-01
7.221521200564161580e-01
-3.656778681904667150e-01
4.346327034578451043e-01
1.844983059209845067e+00
-1.943486227101699271e+00
3.545645034537144857e-01
-2.506598449066219092e-01
-1.184042900663877518e+00
8.397981364211389022e-02
-2.853882572450479049e-01
-1.023978884011175872e+00
2.238860040328178591e-01
-6.728390225774799616e-02
-2.008801556020088253e+00
-1.098524611088294245e+00
1.890361409573702023e-01
3.510905601109776120e-01
5.996263606810918745e-01
9.096464692996569790e-01
6.629496724694945442e-01
2.610836562559864515e-01
4.912915541828175026e-01
4.572070800016650338e+00
-2.686715675099321521e-02
2.280852062503067532e-02
-1.184784840242937953e+00
-1.227965091255702523e+00
-3.434840610885852019e-01
-2.205852446970512304e+00
2.419177874777164394e+00
1.844538917993130689e-01
-4.596207041122271075e-01
9.394421276232695073e-01
-9.113187876310971935e-01
-3.710422539665430008e-01
-4.245573252865133540e-01
-1.475243834773205254e-01
-3.974491433927738182e-01
-3.160259752905405506e-01
4.190590779621022888e-01
-1.391192634077079937e+00
2.064251688232359716e-01
-7.919948135538543710e-01
3.805012390436838254e-01
2.787014363395809102e+00
9.848469260353790444e-01
4.625269936234895907e-01
4.328506608905252073e-01
-4.893818526790286866e-02
6.335624656657243392e+00
3.720807243738522563e-01
-1.336279969740714058e-02
-1.475567435507871838e+00
-1.041521967077190025e+00
-1.171380637567009386e-01
-2.945838765853635577e-01
-7.955725316135127123e-01
1.058606783113504035e-01
-4.824293791381706331e-01
1.456935281257917270e-01
1.516194789598951376e-01
-1.078101749202043713e+00
9.461730828701174489e-02
6.035826230532745917e-01
2.775366671541144026e-01
2.508201408450377867e-01
1.160954456860551903e-01
-2.068597252911249795e-01
1.794359225534960967e+00
1.096169594583933815e+00
-4.038638288818945377e-01
1.167518072224672299e+00
5.124411984323451463e-01
6.682979799825365941e-01
-2.347643475018295067e-01
2.422351127296130946e-02
7.439870908435038954e-01
3.534081131902219730e-01
-5.752811231009639092e-01
-1.456582508493906136e+00
-8.096126090766265770e-01
-5.302903960485565449e-01
-1.545826138602777400e+00
4.257123424239434573e-01
2.934737484169953059e-01
4.708911541898666009e-01
-3.893317881730321561e-01
6.617844030333437377e-01
3.166001583984530132e-01
-1.095572691690477551e+00
7.014106000758935089e-01
-1.215611552125873018e+00
-4.819431682903099756e-01
1.973538975151407193e+00
-2.105773112211193343e-01
1.163391439969036156e+00
9.503537279001631312e-04
7.797905019986026143e-02
-5.929180711738736287e-01
6.019639467519238840e-01
8.359706956957755342e-01
-8.300292767720515719e-02
-5.732411551500549152e-02
-1.683158235145612913e+00
7.876511528310776722e-01
2.391215316564631044e-01
-3.616306131850214323e-01
-7.520809681576724470e-01
-8.351103092059477540e-01
-2.421215242120286215e-01
-6.924427422729036163e-02
3.353809513404518716e-01
6.759749742070251255e-01
-1.185621973245334804e+00
-2.966915049748557465e-01
2.571573370626334953e-01
8.301383750573607667e-01
-6.437696246960505908e-01
-4.572827777233330337e-01
4.111204542593415168e-01
-7.296342607750345710e-01
-1.379305982572906597e+00
-8.435063069662434021e-01
8.414894719300687331e-01
1.278290224309923229e+00
-2.150941450872643768e-01
-1.320733533705486407e+00
-3.929730622161173303e-01
1.785982323283805684e-01
1.192848943529701167e+00
-3.240395897819512427e-01
-7.487169003907141462e-01
-9.357024877728776779e-01
3.607319803444744011e-01
-1.393732146445482822e+00
-5.229753307031833609e-01
4.838335835490351622e-01
1.291654860713377317e+00
-1.083409839544927200e+00
-3.847434868872918745e-01
5.378818979000374312e-02
-6.381619832194864728e-01
2.016523137674668953e-01
1.059835838446307577e+00
2.897831890129708654e+00
7.263723920033273718e-01
9.499856130285140310e-01
-1.101970182998107450e+00
-4.533859998706789574e-01
-3.222331728646004034e-01
4.219480624027379667e-01
-5.012023564409787135e-03
6.543075774443961601e-01
1.050066119178932444e+00
1.208633682165091816e+00
1.027911217881294359e-02
-8.372256012949723658e-01
-1.503760021336763231e+00
3.090271050347762061e-01
2.781457200576260558e-01
-9.614140823881353604e-02
-3.398816880739263802e-01
-5.821930253877025119e-02
3.729145098750583642e-01
4.537432593211000453e-01
1.176934830870121740e+00
9.142530475534202949e-01
4.603758945444762496e-01
-1.313881246689677651e+00
2.458074422194113096e-01
1.533060120921070357e-02
2.942375156644074785e-01
-1.293717498184744130e+00
-7.501865108236203949e-02
-4.477674274082478201e-01
1.070967956989504477e-01
-2.709439993252926726e-02
-4.760839126566749346e-01
-7.672880370854983090e-01
6.566794346060877974e-01
6.629447140585478238e-01
7.258767642726016156e-01
-2.046742915453059197e+00
-1.297418480112242589e+00
1.379828627729213553e+00
2.837142994207276780e-01
2.184771970472268454e-02
6.011613536573083838e-01
-9.389268760196482766e-02
-1.148708676128770367e+00
2.573302849817482141e+00
-6.305791966882596800e-01
-2.348991274375813454e-01
-1.408909334843261030e-01
1.171444301218738770e+00
-4.167123169108128522e+00
