-4.630310539712704787e-01
-1.682761517438967847e+00
-9.293186041716251511e-01
-1.187368660416826316e+00
7.638866631688715492e-01
3.580998962834888166e-01
2.408081075262561155e-01
6.543162679099623347e-01
1.756102945414298011e+00
1.975741162391558836e-01
2.875404034923546570e-01
-1.032364047751137104e+00
1.595080377978129071e+00
-2.048230789082458703e+00
-9.431279093290172444e-01
1.101107597884671163e+00
3.838791900818079306e-01
-6.125959036972575822e-01
9.894736884328221294e-01
3.166404839679901606e-01
-5.533035344211939544e-01
6.812662217607121096e-02
-5.042871646728801505e-01
9.943664013003121749e-01
-8.528940809753416952e-01
2.588398157328295479e-01
1.267787483504749790e+00
-1.092039605808704739e+00
3.999447409111552831e-01
-1.752843957914592021e+00
-7.998873039974803145e-01
-2.463282507779980535e-02
-3.903616037269171946e-01
-3.459421430289301713e-01
-1.651142061779977688e+00
3.514702315965833046e-01
-3.359039905101182111e-01
-1.379052619553504666e-01
4.894271286830753631e-01
-7.752798732178378671e-02
-5.362066672779997045e-01
-7.450630478787627631e-01
-4.786373304558122488e-01
5.468585207156886341e-01
-4.043514832870013231e-01
-6.396046392990206719e-02
-2.302479372681237590e-01
5.235287223835836112e-01
1.887675305594287145e-02
-2.412896876334496010e-01
2.051315650524718759e-01
3.865762388014735151e-01
-5.862238813723501529e-01
2.185197939212538465e+00
9.804175758027945387e-01
-1.460201192205655252e+00
1.745037686561501378e-02
6.932860997235034128e-01
8.302141879473343700e-01
-8.398229024979390195e-03
7.971117719872096441e-02
3.689984302032248698e-01
5.213923948191807600e-01
1.039389540391148170e+00
7.127744693070285908e-01
-3.976893430455319400e-01
-2.095701494657121189e-01
-1.491469348362977954e+00
-7.760422930964655519e-02
-1.966737866932326273e-01
1.654838495368550766e-01
-6.610822736840502589e-01
-3.006333552894133732e-01
-2.852310028197123093e-01
7.346508654004380023e-02
-2.335955881591314232e-01
-3.959759595047475655e-01
1.625290214709702141e+00
1.292156560647153563e-01
-1.302420596424074262e-01
3.973313080487346216e-01
5.873362857434570872e-01
8.631675505957694394e-01
-4.787635909053939987e-01
2.649197027728094067e-01
5.386591965412763638e-01
-5.630689843426137653e-01
-8.123722953703587102e-01
4.906650201775812903e-01
1.208704160107183373e-01
-2.974752769501389782e-01
2.629562190357849216e-01
1.966402580698245750e-01
-5.054582632763697791e-01
-4.026666010085960812e-01
-3.898019414013533801e-01
-2.183764849419543297e-01
-1.384155741428181874e-01
1.425536635608783964e-01
-9.798424605061953896e-01
4.702310885540329499e-01
-5.343033159214520822e-01
-3.833853993172162689e-01
-1.831495212848976539e+00
-4.415203019487963787e-01
-2.052721831528263041e-01
2.289438567170501759e+00
9.432544970372647164e-01
3.203066959460156848e-01
-4.115756211498926564e-01
6.501122714694707039e-01
2.663269115800869224e-01
-1.915913961161519019e+00
3.012498795642559735e-01
-4.831687572568754696e-02
-2.066134796330247436e+00
3.040426064441258402e-01
7.362522017462432844e-01
-3.539122946203622222e-01
-1.033664202126518550e+00
-7.455341897719731659e-01
-1.325839937584021744e+00
-1.061727502394284706e+00
2.432293596779544043e+00
-5.126107103861858860e-01
-7.533011309345256645e-01
1.765420106799115096e+00
-9.455825435106746113e-02
1.045243926015937852e+00
5.466121441613399634e-01
6.012567838930069630e-01
-3.840121633730341211e-01
6.470531216165278376e-01
-1.187218434760571206e+00
-2.304045348572920648e-01
1.609703692833974187e-01
7.636173711421923027e-02
-4.705018740003050759e-01
1.945650803985112365e+00
-6.266159718409425317e-01
-9.459872818483432422e-01
-1.000216224050758163e+00
4.265339928347925968e-01
-7.512954245189824576e-01
-1.619058072036604068e-02
-2.378977257436970805e-01
1.368546442502997784e-01
6.447467977025114205e-01
-1.873592110577121383e-01
9.167051664718126602e-01
-2.704524363822519151e-01
-5.402722472386519564e-02
2.016726410237040246e-01
6.299763670669968896e-01
1.905760442548107836e+00
2.593598496959513278e-01
1.088760300868567843e-01
-1.410110237054768678e+00
-5.004176463617399095e-01
-2.635498368512425582e-01
-4.993190794332409699e-02
2.643465885595615017e-01
-5.675023752952919331e-02
1.065088492801598563e-01
-6.907761525269197067e-01
-5.169211045842935226e-01
-2.012647433218982818e-01
2.926488259503234324e-01
-7.929800871649304028e-01
-6.813735067636998988e-01
1.177273676731238172e+00
3.358678190949650144e+00
-3.792824604232186148e-01
-8.628422777047735082e-01
-2.840037050334595081e-01
3.081284758375760768e-01
6.263771006286553700e-01
5.573350969575266989e-01
-1.090255169620839126e+00
3.718530406905083963e-01
-9.268243829635804953e-01
-3.262728857118978865e-01
-4.281782506553677425e-01
-4.357092921033353106e-01
1.298457407694165178e-01
5.031400462618114133e-01
-6.668646874548218584e-01
-7.181074340828899061e-01
3.626567615036637715e-01
-1.960132844209653502e+00
-1.672446054982493213e-02
-3.338496273226046474e-01
-8.387355960852422854e-01
-7.690913275110146108e-01
7.101989123934577819e-01
1.202493018876752418e-01
-9.630237890874630835e-02
2.258999427038072660e+00
1.269533756138386593e+00
1.174233598641932552e+00
1.194158363662242817e+00
-1.902655444168366294e-01
-9.071064853811374729e-01
-4.677586814022628436e-01
2.543090041310254179e-01
-1.881038296359707207e-01
-6.388309043100295348e-01
-5.939204056274731691e-01
-2.540284059696552577e-01
3.396476339573977210e-01
-4.962275445209421987e-01
1.017471721660269945e-01
-3.139444925962808774e-02
4.798631556669235021e-01
1.889385957193739918e-01
-7.870335408603275074e-01
2.306234707504162817e-01
8.119468689033964015e-01
-6.707423081946635168e-01
6.424793088237283900e-01
-3.553140962258084512e-01
-8.700212006046420532e-01
-5.032093254814775651e-01
-1.239869552252586826e-01
-2.228856499421732806e+00
4.843419361581244309e-02
-2.705173241321544575e-01
-8.196329735210014511e-02
-1.747718723935985485e+00
2.078906365588266136e-01
-6.366392208934354979e-01
-1.491794360502048278e+00
-4.633457665806473003e-01
-1.509521008229077754e-01
-1.095815474905172282e+00
3.012893678751524806e-01
-1.195453059539521634e+00
2.133107058650484389e-01
2.165766928262228941e+00
8.583550016957555151e-01
-2.060463807296985528e-01
5.214658766156374803e-01
2.103139504738784082e-01
-1.616610686521747775e-01
4.188491141260149431e-01
-5.187091539733985623e-01
1.522129515429402336e-01
7.974075347984177498e-01
8.285011923559479907e-01
4.773103833259860485e-02
-3.146977468451258586e-01
-7.305810573028787003e-01
-4.242260000694940136e-01
8.839875851021166131e-01
-6.848091457736218413e-01
-2.020024849983251158e+00
4.767013139218542750e-01
-3.097046816066285624e-01
6.387794635120433995e-01
2.880344936406024070e-01
7.895540843673538589e-01
-7.830248088381364102e-01
5.902311397777685320e-01
1.956765455342796001e-01
6.065541996721253160e-01
