-4.595995513223877227e-01
6.566740776412471892e-01
-7.434504787995654951e-02
1.630829502452433299e-01
-5.456632955006448515e-01
-1.844530445665507390e+00
-3.093782019492263835e-01
-5.392443866749971892e-01
-6.872726134058251279e-01
-2.965705928580700812e-01
-1.578112678759120424e+00
1.345576466072588850e-01
-1.177901538794310365e-01
-5.616193542675915751e-01
1.075014172813428148e+00
-1.762778299611366339e+00
1.561962470436266681e-01
3.058294992615750996e-01
1.249304845699914068e+00
7.264512298820819947e-01
2.502736392365390583e-01
4.731042962163354293e-01
-4.143931886567725487e-01
1.556392165516107262e-01
-9.466292569002357493e-02
-3.499061572268733489e-01
3.953390652564448549e-01
1.369396021207238134e-01
-4.486803233006793068e-01
2.545503477216505273e-01
-1.178405965207563466e-01
-6.138769759078952504e-01
6.598081745760000505e-01
4.392630384271843935e-01
-3.947775072032609911e-01
9.536498892316861431e-01
-1.486837173283441116e+00
1.444487626972993821e+00
5.837725625545062136e-02
5.361995861164331467e-01
-2.355059623213498488e-01
3.312199674472084965e-01
-8.115142591125849014e-01
2.772375706378815696e-01
1.343233883198545198e-01
2.380036930344104462e+00
7.678607251040279191e-01
-7.762307386086884087e-01
-9.131258695800761882e-02
-1.412783611448647170e+00
6.745615417646353418e-01
-5.465286310590322660e-01
3.918009885674174075e-01
-7.066275788035794037e-01
4.508031030658515848e-01
1.645557503897934204e-01
-4.348188634322326385e-01
1.278845144378269794e+00
-5.992374531512666830e-02
4.155397566999641246e-01
-4.781660948343591233e-01
7.052346459337277551e-01
1.460798107890910469e-01
2.187036078233405290e-01
-1.083577122808967896e+00
-1.076379934257241100e-01
4.174272226895346938e-01
-4.907520102101661230e-01
-2.625771288084924882e-01
3.344122887919706022e-01
-3.254957320940278787e-01
1.761768895062696960e-01
-6.995711832641819949e-01
-1.267596192649614206e+00
-2.784178102605605609e-02
9.118690185940388215e-02
-1.160586475647382487e+00
1.019882017166554800e+00
-1.747049200486139320e-01
-1.590479773812321529e+00
1.122700282558137114e-01
2.600485749942738067e-02
-2.916958616857087128e-01
-8.575282321523857165e-01
4.153825917580195037e-01
7.596358241733012218e-01
2.684941091106290978e-01
-1.664090245745264984e-01
-6.346211847590570443e-01
-3.439431932193435237e-01
1.062213031352096548e+00
-3.577019611881433470e-01
5.400233975106457640e-01
-2.495709506644985809e-02
-3.019878895944105857e-02
-8.757539320968183993e-01
-9.910626568957825455e-01
5.138999475962171548e-01
1.011120328724432471e-02
1.666509668506639619e+00
6.386960129626595428e-01
-5.801420428374166605e-01
9.185440655283305667e-02
3.078892917335848134e-01
-2.336964244496916088e+00
1.474566370894252187e-01
-4.572863050989364048e-02
5.871225997807260066e-01
-4.911119199752315700e-01
-2.142167832461724375e-01
1.274398546676813737e-01
6.281934714410666309e-01
-9.936554381925779555e-01
8.866885053337624223e-01
5.332833211245788796e-01
-2.052239353553861001e+00
1.873472631188007886e+00
4.586981079366548864e-01
-1.752600270042624364e-02
-4.847520120426007662e-01
-3.851971733526607933e-01
-4.396105378058000057e-01
6.383089544203179866e-01
-9.561340285831915198e-01
1.374370247451197485e-02
7.874692595002434903e-01
1.211697174469932747e+00
3.282801522314356957e-01
2.951492111251401151e-02
-1.534731291464985992e+00
7.469208304705232671e-02
1.842892568984311641e+00
-1.020486689875651720e+00
9.390315253828396269e-02
1.648031704096641903e-01
3.217819611351182552e-01
-7.593400493803701412e-01
2.572539191969822614e-01
-7.161506687186782738e-01
5.018211257039769668e-01
-5.310317693285572238e-01
-2.250026244186445368e+00
-3.492009426541253347e+00
9.473794413074441145e-01
-3.043794019366602988e-01
4.433355887773932080e-02
-6.439884874761379052e-01
-3.488757771942996855e-01
-1.544960906470428941e-01
7.387994686411292200e-02
-6.476929785557936081e-02
-1.521890743926367584e+00
1.169363850075316513e+00
1.918800225799420556e+00
2.134056351262975770e+00
1.342355684055025478e-01
1.103257881857984790e+00
1.009140115630303702e+00
5.339284005945796885e-01
7.493838627242468409e-01
1.346823036108223626e+00
4.550419861216966622e-01
-7.253359954062260639e-03
2.001709807964036525e+00
-8.484511571602473268e-01
-7.833288638649977820e-01
4.392308145291915489e-01
1.027787439950282433e+00
-3.568544570907870916e+00
3.708208603443196028e-01
-6.592668816080136107e-01
1.443402704485316157e+00
-1.001365102179395672e-01
1.928573571927266195e-01
-2.356662799445911616e-01
-2.644370864977205748e-01
2.076120736266118261e-01
-2.519679137558914483e+00
1.481429749892784642e+00
5.305075171024226099e-01
8.039373672007492644e-01
1.834802666289622047e-02
4.100459230414029710e-01
5.799743651642779163e-01
6.698992672576142837e-01
-5.595608183716418438e-01
-8.056396504664167235e-01
4.963838719840537594e-01
3.394893291346706699e-02
-3.031022625908655899e-01
-6.591150819885227552e-01
-2.762846415629179320e-01
7.893140520511339187e-01
-2.900492716874598642e-01
-1.221234586971793740e-01
7.266582371350784886e-01
7.365058614997427311e-01
-4.187528051987476907e-01
8.548807351047127412e-01
-2.190051947411107702e-01
3.777148288550100652e-01
-7.351631479255520407e-01
-1.875571419394136630e+00
6.779476822130467983e-01
3.060659878436213788e-01
-3.558524095242425744e-01
-1.351185862260081638e+00
7.477720905038684474e-02
8.098511381257330610e-01
-6.472694975290137487e-01
-4.547023214425265358e-01
-3.545603294283455886e-01
2.122232801368472144e-01
-5.888100857319350512e-01
-1.785777013843641847e-01
8.249435527960262693e-01
3.501638884962032794e-01
-2.911003088526830096e-01
-5.921172582605098711e-01
-2.682368190138496034e-01
7.327959063465505629e-01
-1.023287318607560614e+00
4.169003080058414357e-02
2.611382068484758179e+00
-1.113442580900223744e+00
-1.320670578470106715e-01
-5.973988025177097150e-01
-1.555620495399706371e+00
-2.306725616291113168e-01
7.453754960905263349e-01
-1.573730882347213478e-01
2.708229902334918227e-01
1.250987708250475450e+00
-5.423542064263056628e-02
1.353918296333516402e-01
-7.597921608348296996e-01
-9.850103510523045003e-01
1.298262874337630102e-01
-5.839848947996453266e-01
-1.254052850787668594e-01
1.699486361709726112e-01
4.246792893543500091e-01
-9.033704027242777101e-01
1.084799358122091162e+00
-4.914864974054766744e-01
-5.898720542342638096e-01
1.205433129355682753e-01
2.832265841548450847e-01
7.431406020954912650e-01
-1.008656387827996603e+00
-7.173260282164718449e-01
-2.354290462681574853e-02
1.794950357684208964e+00
1.363947746652017234e-01
-5.665087104487012137e-01
1.433395017612280609e-01
2.216419014866860770e+00
4.858995051654836361e-01
-4.570699038216181620e-01
-1.213995982475354896e-01
-8.109822630840197721e-01
4.343363027832949363e-01
8.951959516347189894e-01
2.976950376221656480e-01
-6.172266642177859364e-01
