-5.982654042703106079e-01
-3.738636491321883359e-01
-7.698672025850485934e-01
3.124648678496700915e-01
-2.846873895396200282e-01
9.037719964897357183e-01
-6.824016417072037433e-01
-9.317072057900199766e-01
3.513442165317811061e-01
9.748166117630207017e-01
-4.254553209851941742e-01
2.519870403764434275e-01
-7.124673398325822582e-01
-2.715943962794675204e-01
-4.268268138298951797e-01
-1.073218161393542924e-01
-1.531619848471503786e-01
9.894680264996061902e-01
-1.730018629333990865e-01
7.198733228822408181e-01
2.582691898794847729e-02
-9.404667012126229908e-01
-2.867165544969807467e-01
2.962458057525098054e-01
5.489854239763568566e-01
1.585722918630309008e-01
3.167099842383186981e-01
7.035646325634259401e-02
1.520428661766637657e-01
3.489151705454685004e-01
-4.307010075982153907e-01
2.198811045520130958e-01
-3.006366321610239312e-01
-4.257852171200621760e-01
1.000000000000000000e+00
-1.000000000000000000e+00
6.317538886944136234e-01
-1.000000000000000000e+00
4.079751170978572483e-02
1.533029749025253408e-01
3.052819120181876622e-01
-4.059676465882134377e-01
-4.748754434204465746e-01
-6.220963170030716638e-01
2.334639132205309706e-02
3.388703846091812855e-01
2.193119290969445800e-01
8.405450151265414505e-01
-3.565860498596927219e-01
8.659490611105058466e-01
3.262495465647100579e-01
8.098370701697524821e-01
1.271069507681123201e-01
-7.597728386064514505e-02
2.741454820718602914e-02
-5.288510195716188411e-01
8.367583586815006969e-02
1.000000000000000000e+00
4.031624273386090751e-01
1.356069343156300067e-01
5.941796631977405152e-01
-1.238980546190253801e-01
2.186466515574607694e-01
-1.000000000000000000e+00
2.472370174229681083e-01
-1.000000000000000000e+00
2.651611293260933699e-01
2.531314923547052786e-01
-1.561219856069225309e-01
-2.906882414772118950e-01
-4.431368829351237104e-01
1.000000000000000000e+00
-1.000000000000000000e+00
-7.190960973436247849e-01
1.367984328914819414e-01
-8.462754109403659575e-01
-4.982356253950429581e-01
2.802624860113321903e-01
3.583568574336921109e-01
1.114023560344294395e-01
8.912726268167330268e-01
1.936742274720824331e-01
3.362267349945391448e-01
-5.799427805729497898e-01
-1.000000000000000000e+00
-3.572010186093098061e-01
3.119233843623302471e-01
-1.000000000000000000e+00
6.042569555126362513e-01
-6.507024075856806533e-01
-2.684102482325156913e-02
3.042793276323496610e-02
4.415201184374795834e-02
5.238645523611429322e-01
-2.847558587442936551e-01
-6.323623463634874264e-01
4.110388686373494527e-01
-3.493562511445045260e-01
4.066854559537389502e-01
7.399108956513020807e-01
3.066756415672703961e-01
3.621680635504127554e-01
-1.000000000000000000e+00
2.337066785027532567e-01
-4.726352566453639326e-01
4.916607080503708760e-01
-2.608809823142136941e-01
-2.639431782411620908e-01
9.153843073814463827e-01
4.963171303282016833e-01
6.379063650812588637e-01
4.714453711228782651e-01
-5.405580268064013039e-01
1.086614642739848480e-01
-3.055859152824835778e-01
-2.719560792445603892e-01
4.855443996433262549e-02
-7.126206551148820401e-01
-6.182620452132546740e-01
7.009157849480738278e-01
7.278708289406543575e-01
8.685262644036171320e-01
-5.374041524935566638e-01
-5.278533443742694509e-01
7.368022553633881699e-01
6.407456885714252204e-02
3.414620340012677335e-01
2.410755836513104600e-01
-6.898428119333620545e-01
-1.477796657115365564e-01
7.364392089366135208e-01
3.764437929483482326e-01
-5.354276440040297569e-01
-1.000000000000000000e+00
-6.826748549367778196e-01
-1.872395358524588660e-01
-1.803125508551171319e-01
-1.000000000000000000e+00
4.735010361192478201e-01
-3.082990296687452281e-01
8.350390057138185051e-02
-1.901701894601193210e-01
-3.507347760517746105e-01
1.734427525708864826e-01
-5.314310997134845393e-02
3.768422683329870626e-01
-4.220170191385553826e-01
6.645700861052508124e-01
-7.646374615657627327e-01
-3.684423089517693817e-01
1.000000000000000000e+00
-3.633775376951972058e-01
3.983160462136532964e-01
1.706103973666958096e-01
5.268569360213808395e-01
5.968672279846655160e-01
1.122107236422478782e-02
-9.756201633943596407e-01
-7.047630222438674430e-01
-2.321861420150818089e-01
3.944324573458222183e-01
-5.427001851600734561e-01
8.561422718493301165e-01
6.398467082352398139e-01
-6.563717023643700355e-01
-4.490424573366099681e-01
9.920666549460607220e-01
-1.261399093813188321e-02
-2.194781065936894926e-01
-1.000000000000000000e+00
5.933487240961808906e-01
1.866633422642987039e-01
2.468026012597937524e-01
-4.692557900562583928e-01
1.100087745138616235e-01
-6.421031906356338137e-01
1.000000000000000000e+00
-4.902006450642386604e-01
-5.421072180321886425e-01
-1.000000000000000000e+00
-4.198561404013305687e-01
1.000000000000000000e+00
-5.343087526668656162e-01
-1.972663441020455211e-01
9.631555774268466541e-01
-2.616541145407129121e-01
9.308948074579641574e-01
-6.805245437031853806e-02
-1.000000000000000000e+00
6.438395314317434115e-02
5.761185493459498597e-01
-4.879890704268143864e-01
-1.129251874283998813e-01
-3.031164230996344355e-01
-4.442407616832204087e-01
-4.099324824341099016e-01
9.401093641080547902e-01
-6.284222049254898357e-01
3.080873934851389162e-01
-2.924404804939561009e-01
5.456630432922960489e-02
-2.474460734811607665e-01
-5.767157586969144933e-01
-3.386502706516171801e-01
-1.000000000000000000e+00
6.064137331442925882e-01
1.528258212073428102e-01
8.654149304164715506e-01
1.130070448573500808e-01
-9.045994499682730172e-01
-9.930299381449620225e-03
-1.918786238727621107e-02
8.416907650331656443e-01
9.231095220552433256e-01
8.968292285419255938e-01
-1.415451738210338484e-01
-4.526767417415035744e-01
4.735112411501610219e-01
8.854650595847404770e-02
-2.606196064293254955e-02
3.720639114660408975e-01
-7.175917053912074239e-01
5.558210069119039476e-01
8.554365736541068577e-01
-1.829116105581906626e-01
-4.562446218984554935e-01
-4.101249725413315117e-01
-3.766558225436771878e-01
2.381435569087332893e-01
-7.518237584197977330e-02
-6.721431059010342379e-02
-3.938227277587749708e-02
7.494669935228009949e-01
8.095332335330822360e-02
2.599218929110020393e-01
-4.906545812360665337e-01
5.890977138805256752e-01
6.814119383841790167e-01
6.067990225633637102e-01
3.043097460315271618e-01
-4.930017843937382627e-01
9.862080186893278366e-01
4.365852855049140446e-01
6.956724811912311512e-01
5.404125088380298259e-01
-6.899851694690473103e-01
-7.871514567214104030e-01
9.824412560922307636e-01
8.167552328252539739e-01
-8.328267927362229539e-01
-7.974146567593930479e-01
-3.890679174941819030e-01
-7.608291236470667851e-01
-6.002529472056397086e-01
-1.000000000000000000e+00
7.698732505306948859e-02
4.488481081808357587e-01
7.385908103896539068e-01
2.834726094372947564e-02
-3.836267778459838684e-01
1.072408301920237672e-01
1.117862178542177315e-01
4.823936827303183517e-01
4.378462485222102130e-01
1.528990173777286243e-01
