-4.459697922703159678e-01
-9.100632935206711682e-01
5.338807697603792368e-01
-9.852760897023148390e-01
-1.426819178497829022e-01
6.438384482122267993e-01
-1.439388668297192364e-01
3.257330320155166214e-01
-5.515018295724708475e-01
2.295759838417500698e-01
6.939885544920565419e-01
5.051492484328840016e-01
-1.446719197081731412e-01
-9.067915284650756025e-01
2.753648366025437388e-01
5.271286977910325522e-01
6.534242194308501617e-01
-3.547751207353171399e-01
8.840295965420941204e-01
5.468679092870982750e-01
4.493183285780770753e-01
-2.794986696498813483e-01
-7.778532204881981604e-01
4.670915579775642978e-01
2.852109069043009537e-01
-4.993087105247623891e-01
2.524000420031184411e-01
3.504059763692279339e-01
1.639636928896149037e-01
-6.780406930595068715e-01
4.291703044141753076e-01
5.093311854123018234e-01
8.618735976900404605e-01
7.581143035892818904e-01
-8.889678366935476195e-01
-9.542274929450207388e-01
8.667668332810319898e-01
-8.812831963704427229e-01
7.708601981537963610e-01
8.030569671333960269e-01
-1.000000000000000000e+00
9.270415625370502788e-01
2.269568410658985569e-01
5.112891725168721146e-01
4.385085699963607309e-01
-7.417077653211138211e-01
1.289110606872771736e-01
-4.795345610873480435e-01
9.234394970654224988e-01
6.982387669304168654e-01
-4.219408120687802299e-02
-4.555574544654864555e-01
-7.760335312361639204e-01
8.725500751369993924e-02
-2.344172593804491334e-01
-5.260527452297489859e-01
-1.212524075296621123e-01
9.747053347773154686e-01
9.256875382057194734e-01
-3.328467831597744508e-01
2.548164097053787769e-01
-4.528426371320570243e-01
8.723630969598907825e-01
-3.201972573305615910e-01
1.953171847733359834e-01
6.285794324187345961e-01
-4.883789598218024608e-01
9.022675791856203942e-01
5.440526323387198104e-01
-6.608836310641186262e-01
-5.880433558097774016e-01
6.434017726369227752e-01
8.384158381536085392e-01
4.947174373428477323e-01
-8.092845598374842631e-02
-8.410348797995378378e-01
-3.207218726197620384e-01
-7.257063392897116216e-01
-8.821285171956545490e-01
-8.032706829977952212e-02
5.221699846734023653e-01
4.233194133174945084e-01
1.099581174904691316e-01
8.905427346021330681e-01
-6.990204902825191136e-01
4.199428391387476783e-02
-7.842981059569472668e-01
-2.454996453347304264e-01
-6.370416649604504489e-01
5.537121033676194459e-01
-4.209988428115102876e-01
-5.474706571386189768e-01
7.956039151975294876e-01
-5.555981438073877010e-01
-7.650610393023029587e-01
5.409606013185556117e-01
-8.690273924654237092e-01
-1.677741948605609434e-01
-5.045785905744384209e-02
6.603378352507756066e-01
-4.533106603534072798e-01
7.807001748519785123e-01
-5.327321053633808645e-03
-2.011866771765311035e-01
-6.352098540887292366e-02
-1.000000000000000000e+00
1.218312927549717595e-01
-2.589281308521897973e-01
-5.589974615793199542e-01
-4.900561709383571274e-01
9.674294909619447491e-01
6.234387246029796659e-01
7.596342319053713821e-01
5.461765938182461255e-01
-5.721599630187064189e-01
4.587829014239185738e-02
-3.423530797196858155e-01
7.556024548440204436e-02
-6.131776811813444139e-01
8.003312686757306782e-01
-7.980760060251149146e-02
4.981533714335043550e-01
9.313235501345122624e-02
8.069165467675432080e-01
-4.522399320111812893e-01
-2.480824778288591714e-01
-3.785704778027002559e-01
-5.149520507436264882e-01
7.016005063920240925e-01
4.598565659109205561e-01
-6.650725997043464011e-01
-5.299211992772684399e-01
-2.198024739715727371e-01
-6.311674065028052283e-01
-7.022532975456388660e-02
-8.677466461168967804e-01
-7.029854035913852828e-01
-8.204215545178999980e-01
-1.000000000000000000e+00
8.314313098311700845e-01
-4.792764898694378828e-01
1.412826449175216825e-01
-2.963345313989568242e-01
-1.212718703608646476e-01
1.895965337859529809e-01
7.403034553149919761e-01
-4.686047577833593047e-01
4.993995780531497730e-01
3.982206492736826142e-01
8.956227441395274713e-01
1.941174536903682579e-01
6.287521338673177640e-01
4.432858410945257344e-01
2.295054956924187928e-01
-8.006278125721358330e-02
8.624965924887493252e-01
3.950279063890629327e-01
9.966053502542859821e-01
3.992639327922539172e-01
-8.126436852977745318e-01
-4.730828697546042294e-01
-3.873808230721084156e-01
-1.485373436077261911e-01
9.738165976885844177e-01
-7.428405698691362691e-01
1.932647188895001977e-01
5.055991618657238451e-01
6.903224669165363148e-01
8.834503130097706158e-01
-3.916170106992548083e-01
-7.464566579307319039e-01
-6.814890527728225678e-01
3.353789852486466216e-01
6.651394607627314493e-02
4.846574119215679155e-01
-7.345738988772656519e-01
-8.925989168593346790e-01
-5.018921825260578284e-01
-4.727567943304570308e-01
-3.782978914891775291e-01
-2.596087453563069025e-01
-4.205377863899375512e-01
1.593359384959266711e-01
4.712181620635001733e-02
4.562137481563424135e-01
-4.270980646115631885e-01
2.118191576374324203e-01
-8.240932844354038611e-01
-6.875668254937850055e-01
-2.278227373369708375e-01
-4.119549581507722102e-01
-9.010813145821283676e-01
-4.431522387760120640e-01
-6.476531344173478422e-01
-1.411858571191582645e-01
-2.106602821092104227e-01
2.629564047923402259e-02
1.981194322614963366e-01
9.381307891316106318e-01
-4.436026426813736712e-01
8.059108161712666973e-01
-1.341048856036512141e-03
-1.787995655109531068e-01
-9.920350954240285679e-01
-7.786713299512637576e-01
4.504571690638258796e-01
-8.321903163857988783e-01
8.759455852486990324e-01
-7.459833599263930859e-01
4.131181649733514649e-02
-1.656036634670858265e-01
-5.613506975829565260e-01
8.835953823192415069e-01
4.681345975229023182e-02
-1.122637047904340504e-02
-4.659854084241568661e-01
-2.915193888457855431e-01
6.262508637258279443e-01
3.462423934061447661e-01
8.776629265309836558e-01
-7.658521370778225146e-01
7.018230823671304242e-01
8.927278213088474246e-01
9.894956269723340636e-01
-5.902116228958331767e-01
2.921164011541899086e-01
7.915305059435071566e-01
-3.455451159970801545e-01
-2.747149340547380136e-01
8.886808493901340311e-01
5.479092861442880213e-01
-7.889579448694946651e-01
-2.637809379293089562e-01
9.189373149968882437e-01
7.252156900450177357e-01
-1.000000000000000000e+00
4.043530974066497641e-01
-9.676350239219301264e-01
8.904285635849404912e-01
-7.075500982568629915e-01
6.011482491164976683e-02
-5.922816607430274605e-01
9.867606048971615529e-01
-4.526912242497100891e-01
-6.393879994290044833e-01
-3.619790174242428771e-01
1.473648854158630117e-01
3.044268294113492979e-01
-3.990594592175856214e-01
6.947539287040682687e-01
-8.312486249746460221e-01
-9.428539798405568551e-01
8.319583996245679680e-01
-8.670046775821707019e-01
-7.027486077218162430e-01
-7.860491238476161602e-01
7.612457379323848139e-01
8.036441843305949240e-01
4.653460426374617098e-01
3.358556366711397123e-01
-8.793528074687539942e-01
-1.924603379990159346e-01
-5.996588762470274059e-01
1.052579152084244241e-01
-9.546343951281552886e-01
