-4.075338259059234636e-01
-5.380149234785062129e-01
6.583045906360279753e-01
-5.118917510772277302e-01
-5.565028124730394543e-01
6.438024911833447606e-01
-1.596611227551436030e-01
3.194401812231707494e-01
-4.971857314861402033e-01
2.207451513034992541e-01
6.449072571740270821e-01
5.607034192237071446e-01
-1.523794950662529790e-01
-9.078863140919073427e-01
2.740856592471656028e-01
5.961940006822982197e-01
6.709256024150179742e-01
-3.563461199285979375e-01
9.197848919779493260e-01
5.800492549510010143e-01
4.382696280534791322e-01
-2.770350100463407905e-01
-7.927374089653773659e-01
8.782305730067043736e-01
2.916521280845303377e-01
-5.557194673304747257e-01
2.639705748646144490e-01
3.491650281979702952e-01
1.622757821604723094e-01
-6.780793655655850127e-01
3.507727758117478167e-01
5.067914186982894753e-01
8.085915857535664886e-01
7.725317002489887619e-01
-8.862588873380321530e-01
-8.941292022401228223e-01
8.238112554733568738e-01
-9.329268282447473748e-01
7.209692906106754950e-01
9.266857994075844429e-01
-8.468757916769135141e-01
9.251201730683882296e-01
-1.591104643655702477e-02
4.270618008492192974e-01
4.440644511772109948e-01
-7.417233795600810531e-01
1.253091940641362645e-01
-4.793127865416646483e-01
8.929851177734750012e-01
6.901080112317514725e-01
6.088299271869663798e-01
-4.563995837758760832e-01
-7.845294736732287832e-01
8.696044421262487389e-02
-2.728197317930187160e-01
-7.350078268253115166e-01
9.764041307081292032e-02
9.743483633518106313e-01
1.000000000000000000e+00
1.830874791521823475e-01
2.546051901306891074e-01
-4.426867391128274654e-01
8.454813635616309497e-01
-2.839648214553773253e-01
-4.556163224252512273e-02
6.373327657656449041e-01
-4.507041571819034309e-01
9.155581257063653000e-01
5.023069708746430440e-01
-6.150014809494802615e-01
-1.000000000000000000e+00
6.478957393217940064e-01
8.416265404106073600e-01
4.956156231422058633e-01
-7.516293371393088785e-02
-9.007701309326960892e-01
-2.721070395724456414e-01
-6.959626666640534864e-01
-8.942218634151433143e-01
-1.147716067389845662e-01
6.739877903573986417e-01
4.125366834210563161e-01
1.179792558069280295e-01
8.001739601018460490e-01
-7.055200182051132307e-01
2.510486685190498890e-01
-7.328556486201540654e-01
-2.445237853916335802e-01
-6.921349791351896208e-01
6.235483821289022899e-01
1.000000000000000000e+00
-4.782254197987201305e-01
7.981446366940198045e-01
-5.828610079379229481e-01
-7.666210287126256073e-01
7.855048832085046451e-01
-9.602486372558962646e-01
-1.678302914061316486e-01
-7.761515299444457505e-02
6.359427141576897702e-01
-6.730855986722806827e-01
8.932853235778430712e-01
-1.306961195224664793e-02
-2.012777431642075732e-01
-5.636971648474221191e-02
3.222506714711921294e-01
3.986695481545667330e-01
-2.849928149634451957e-01
-3.803116428957091788e-01
-4.815706087360892007e-01
9.759522410118220970e-01
6.234614473107972232e-01
7.717176094346704929e-01
5.477019295594044435e-01
-5.608507026316265076e-01
-1.000000000000000000e+00
7.400690225604268369e-01
9.502070654069524891e-02
-8.053412640078655427e-01
7.777946841871952177e-01
-1.071279003483926046e-01
6.162397551664950957e-01
9.482193009385575522e-02
8.081122641448916788e-01
-1.000000000000000000e+00
-3.602362070881263978e-02
-3.901523664001434466e-01
-4.468819597796585552e-01
4.923871624505474220e-01
6.619699458414299853e-01
-6.665720280648510521e-01
-1.280858461294766271e-01
-2.305314752401600720e-01
-6.888005335774896043e-01
-5.558781621664722616e-02
-8.688372794708647540e-01
-6.958790827203247265e-01
-8.012892157350770539e-01
2.831952457067747897e-01
8.570544960423419623e-01
-8.004004834270606050e-03
2.371976640739611661e-02
-2.186089251783825960e-01
1.000000000000000000e+00
1.919264755152830237e-01
7.628930508236337893e-01
-4.019025919647619127e-01
4.974020690807161582e-01
-1.000000000000000000e+00
9.009940891542702612e-01
1.440249688148045326e-01
6.846579481355868912e-01
4.730119819737533815e-01
7.429631467470477757e-01
-4.892627766029286063e-01
-3.237953735394542010e-01
3.582991612944569915e-01
1.000000000000000000e+00
-1.674668803141956264e-01
-8.106469774206549461e-01
-4.752735680165427468e-01
-6.270612479761737967e-01
-1.595103843260192167e-01
8.233415961943129080e-01
-7.882688159462017952e-01
1.965344240334390147e-01
5.139596772305786709e-01
8.773155134582304449e-01
9.010716153548644636e-01
-3.345333841778871387e-01
-7.081740524224834354e-01
-7.201279181335167312e-01
7.842796320123623932e-01
6.734375182167683105e-02
5.108017463701345351e-01
-5.609359187093064802e-01
-9.122756994078429216e-01
-4.966925821685547193e-01
-3.679409219026560929e-01
-1.956000664787278798e-01
-2.330509228164397428e-01
1.118933565208621306e-01
-9.672121982824684328e-02
-4.053937996421101697e-02
2.358765558147350172e-01
-4.767570378254125663e-01
-1.807708718614919607e-01
-7.685986321623577977e-01
-6.491185930596209408e-01
-2.248338392095444727e-01
-3.318528029126529555e-01
-9.225437816742443342e-01
-4.365171867582023357e-01
-7.000702111941554673e-01
-1.988934234500784326e-01
-2.344780919336910130e-01
-1.142060026865337613e-01
2.865375519037874907e-01
9.763224272628385769e-01
-4.761281487982146898e-02
3.625590010295283716e-01
1.138453740989880990e-03
-1.724059026000497319e-01
-8.321692375499500915e-01
-8.395338391705858827e-01
4.509491590373281844e-01
-8.565151265542738646e-01
9.089374518648272172e-01
7.998206321572602917e-01
3.988354434485206351e-02
-1.092963709641540243e-01
-5.628086403400893722e-01
1.095659876659953458e-01
4.689660731953401718e-02
-2.765689982651333145e-01
-4.637936197986951004e-01
-3.047747295678237545e-01
6.754340131843229456e-01
3.026305585252889729e-01
8.808423181084596987e-01
-9.146607464493498041e-01
5.562945906280544195e-01
9.206467605294119672e-01
9.772649391274941255e-01
-6.398474959582909349e-01
2.616583024438057792e-01
7.925561132385485763e-01
-3.451061636112547903e-01
-3.120489550533757095e-01
8.921119267852436474e-01
6.412597178330745606e-01
-1.037737989993503251e-01
-2.261882192614263765e-01
8.278481315366301718e-01
5.879100602183251478e-01
-5.708291118207523551e-01
4.026205186819185045e-01
-9.687114271189696257e-01
7.352535301848177607e-01
-1.000000000000000000e+00
5.544619586449673482e-02
-5.834746479026510224e-01
9.833043942344613653e-01
-4.609817361105573719e-01
-3.618782897333272519e-01
-9.141233381926241464e-01
1.352744983265808665e-01
2.902072017149049943e-01
7.182881297810195242e-01
7.317977245719126111e-01
-8.312162129382472120e-01
-8.869831208309576498e-01
8.471044728167301807e-01
-7.226555750926562105e-01
-7.094238308621424460e-01
-7.876590622849651835e-01
3.423333112888704566e-01
7.758643802367800602e-01
5.546892182829200602e-01
3.617040559991078208e-01
-8.482098607459628292e-01
-2.466300531984456368e-01
-8.456843018765461961e-01
1.054057901169291045e-01
-9.316586057848424973e-01
