2.567525115764211385e+00
3.469786115417531347e-01
-1.112711976922634849e-01
2.477490281442287778e-01
-9.734185322777584304e-01
5.816577240297962081e-01
-1.129322772298078092e+00
-6.175667502036940038e-01
6.646687817698251344e-01
3.796279624623669635e-01
2.944176542814959663e-01
6.194152254668323643e-01
5.900860427510474793e-01
3.497235393133379389e-01
-1.644556823824070868e+00
2.832788661352391713e-01
-2.835603267968250574e+00
7.331573377754756482e-01
4.248841222878768642e-01
-5.445934362669056783e-02
4.186015110720790466e-01
-2.529535127489692115e-01
4.432897397722314059e-01
-2.261910231161326390e+00
1.115906013359158955e+00
2.257951776145647460e-01
2.049947910108650684e-01
-1.435740025350496385e+00
-2.244505583994362397e+00
2.162703394282359734e-02
5.022223392985175616e-02
-4.223840947423417730e-02
-6.224404695468863796e-02
-5.285483179580340307e-01
1.296677892049958203e+00
2.128570166225142835e+00
2.778794267820624553e-01
1.817635978904740268e-01
-1.483373797125596472e+00
1.119248631127808952e-01
-1.437152771748280156e-01
7.154431944485061257e-01
-2.567784441412944485e+00
-1.215921894216894089e-01
-7.123343385535464700e-02
1.026320506962473900e+00
3.231622157905958415e-01
-4.961836006240534225e-01
-2.077245204857293137e-01
-3.353343596642364144e-01
-6.442635890367666429e-02
8.938874738796985797e-01
7.147207209822719065e-01
3.829929340462179255e-01
2.364148125879417250e-01
-4.838519356119649895e-01
2.759135936093001229e-01
-1.992290853214562230e-01
5.752940404907154193e-01
-1.270634243954978482e+00
-1.872042076111155029e-01
-1.167201864377183318e+00
-1.183718568234879642e+00
-2.562685576776265961e+00
1.763930536113140768e-01
4.739362548756984039e-01
-7.833170471212289598e-01
-1.268567912186480684e-01
1.720519447042938993e-02
8.329582852469656906e-01
1.257814996689734788e-01
7.223284130754314969e-01
9.064222582556531738e-02
1.598141947601006974e-01
2.844540657727127053e-01
-3.262564453479864235e-01
-9.140407168797277937e-02
4.002574836148275472e-01
-2.482172484999352502e+00
9.203486873839854254e-02
-6.534672345333942811e-01
-1.632386661434980790e-01
-1.202132712062762843e-01
9.666903790767775173e-02
-4.859962477372393730e-01
-1.074516967382714627e+00
1.286346334057801633e+00
-4.632906528200436691e-02
-2.528675457182607000e-01
4.043007742749943519e-03
-6.925192674130464798e-01
5.482099350730433862e-01
4.941934108362484590e-01
1.012498899570838828e+00
-2.478551634936868309e-01
-4.556248105783723967e-01
-2.958420069348897119e+00
-4.037466200693316520e-01
-2.710577714685550102e-02
3.338721179001787887e-01
-7.409617656521738649e-01
7.863883915342212427e-02
-1.853356613414713472e+00
-9.733178554505231977e-03
-1.277807520071060798e+00
-3.076554956173326028e-02
-8.303240334831846203e-01
-1.993008189525938390e+00
6.992564239711707152e-01
-1.600607033243790056e+00
-8.026162843484858644e-01
1.620836878661995994e+00
-8.651785736573853747e-01
2.732806785521372794e-01
5.124144017899043835e-01
3.611843218366482811e-01
-8.692475711808995698e-01
-7.715288978248392715e-02
-6.264054483632877091e-01
1.008985997620269644e-02
-1.023351703599399309e+00
-3.525068822999814500e-01
-5.405647381145981673e-02
4.868992743399597756e-01
-9.478103916473148427e-01
1.150467804736884148e+00
4.661809636363756226e-01
-2.171582746975977418e+00
-5.490834681957175167e-01
1.290500111308726106e-01
-2.030504268249056499e-01
-5.714709534351277709e-01
-3.641868213980666846e-01
4.155549760551303096e-01
-1.844244999202804269e-01
-1.321056421805990588e+00
-1.113562892580058361e-01
-2.261702901980909841e-01
2.376437151904940981e-01
2.924968788543742537e-01
-1.462137876477958010e-01
1.170050247007822009e+00
1.903839227475849771e-01
-1.097329439041590637e+00
-4.410759296685845543e-01
5.851404797114145850e-01
3.456787114359536339e-01
3.219618811160728650e-02
3.253861483306080160e+00
1.003801225205253944e+00
1.138971472257430673e+00
4.367219320033757790e-01
6.827552824273659393e-01
1.830859069179320009e-01
5.559061331875983503e-02
-6.549534573688610140e-01
-2.395189902717433927e-01
-6.079191832870191048e-01
1.828209362408316441e+00
3.172322379420954852e-01
1.747558764500431572e+00
-4.019973637010674783e-01
1.612102933388754877e+00
2.123296194264617243e-01
-4.843181092600069571e-01
-4.723778080222008846e+00
-2.943595969546939500e-02
-1.169035738792226775e-01
-3.935797417403744669e-01
4.347032883196362829e-01
1.281845924203882658e+00
-2.566902086112320402e-01
-7.343247918467669944e-02
8.461145895816225559e-01
9.302927316218909670e-01
2.666733002604118608e-01
5.253691997293955529e-01
-5.736151537290130609e-01
6.810919802334388651e-01
-9.170228298870924943e-02
-4.417868180026663372e-01
4.463819444590017005e-01
5.595382335115530736e-01
-3.908107822960238398e-02
-3.536000323320669936e-01
1.855914505417259663e+00
4.446647340927697423e-01
9.844369872814329181e-01
-1.690681475005919587e+00
-3.128518549136029558e-01
2.356175295652173096e-01
1.198036548532754875e-01
7.967331389261458896e-02
3.617654875757502220e-01
-1.251192140265916075e+00
1.754313651314428346e-01
-2.273592246539052342e-01
1.134519041487340452e-01
3.974614161049008221e-01
-3.207687628829208659e+00
-1.793571942426535504e+00
-6.504577796353663288e-01
5.031688248705028510e-01
-2.184356076547428138e+00
-1.265337196433295786e+00
-3.729998623443835370e-01
-1.441715662170260925e-01
-2.344647576036475112e+00
-3.026590475557075499e-01
-3.049484789114347838e-01
-6.750729108998487771e-01
-3.596891649997457918e-01
4.350299750372796925e-01
5.700065482185817656e-01
6.811036416933348159e-01
-2.647786769372922344e-01
-2.765637641155794801e-01
-5.615202468633478938e-01
-4.501260537291221775e-01
-1.201653995817143633e-01
-6.984093691872854670e-01
-1.530587347354182226e+00
7.209806836743748448e-01
9.475323736626107829e-01
1.494270705999034554e-01
-2.899062718226768087e-01
-8.802442057354202820e-01
-5.794168422910941363e-01
-6.266976112049031933e-01
-5.629017320700379079e-01
-2.757558895910449670e-01
1.616380310430238776e+00
-2.553440294580421877e-01
-4.316719414189264525e-01
-2.669871438915844691e-02
8.333322323702834211e-01
2.691500927768545326e-01
-1.930865985452849265e-01
7.518093000067384013e-01
-4.473813781768498643e-02
-8.956218438343528376e-01
3.190858360663503923e+00
5.626455501004650195e-01
3.037114146026351214e-01
-1.090075249385671352e+00
-6.093609725379790509e-01
2.981297265712243849e+00
2.474039481579975441e-01
4.121353495888135932e-01
-1.192018385070849895e-01
6.849006820878071888e-01
-1.119498351247668055e-01
5.095541160842599337e-01
-2.440079958896370083e-01
2.069215919509454604e+00
-5.305144475691187661e-02
2.751085336052408459e-01
-1.455690682314693674e-01
2.739829308742604969e-02
8.952877353147993267e-01
-9.534177489779429582e-01
-5.377384300656778748e+00
1.041226713443213159e+00
1.963409410762489982e-01
5.277243223608877321e-01
