2.502367326176402340e+00
1.035004125733822056e+00
5.239511443086636300e-01
-2.103223487898778776e-01
2.608806986894667279e-01
-1.528186977690414006e+00
-8.256342350863130619e-01
7.911433406672064850e-01
-1.132039138928770949e+00
-5.187399781192510995e-01
-5.431984895861454721e-01
3.646758115205461226e-01
7.959918358469182664e-02
-1.621231161904824969e+00
4.844592258497725235e-01
-1.545812087171859694e+00
3.072846386722062895e-01
-1.468845486290697666e+00
4.219133617149203180e-02
1.892009817819537143e-01
2.136301002528866733e-01
5.228737043670756979e-01
3.779202959044972721e-01
-5.638950814754222218e-01
-3.304327471606917088e-01
-1.225138170741737614e-01
-8.726296544293578317e-02
-8.366845761000283321e-01
-3.573997374918216341e-01
2.247687846718517957e-01
1.265712987537021883e+00
-3.801803882633066345e-01
-2.165902864372053482e-01
2.156335099974336922e-01
-9.777407913812001805e-01
-9.423490291167141431e-01
-9.345745956658595421e-01
5.873102983537261679e-01
-9.234101749609835430e-01
-4.878380514963592818e-01
5.153285758296697328e-01
5.861796236281849870e-01
-2.905502393734644695e-01
2.486425761080351127e-01
1.623952680080279487e-01
-4.634194722718596449e-01
1.349875967620511180e-02
1.433293060745441383e-01
-8.177445405864068595e-02
6.133198662748290397e-01
-7.778223411907866369e-01
4.560337190093145532e-01
9.556197966425250545e-01
3.748999112813030110e-01
-1.762152700663626836e+00
-4.249045439968823779e-01
-1.016393993753298863e+00
-5.932648792123449422e-01
1.295602270822248325e+00
-1.078227143404722754e-01
1.458827144593484726e-01
4.068983846034479601e-01
-5.405987243876210213e-01
2.877664168623971230e-01
3.809027527868361629e-01
-4.001432039725809631e-01
7.211673481917804107e-01
1.228673936794798527e+00
1.540052479528016383e+00
4.501650047158806123e-01
1.761740412017856139e+00
-6.696232871146157173e-01
-1.501136621950704964e+00
-5.552701538574098539e-01
2.930179635696435192e-02
4.086979826859244991e-01
-1.671053612085158901e+00
-1.027942989595787227e+00
-9.677259500146534466e-02
-3.239663751133587954e+00
9.183648741052893305e-01
-1.230745677756861500e-01
-1.935795629843303778e-01
1.185686583163629182e+00
-2.174751712383175273e-01
-7.595009693163705389e-02
2.650155438483353110e-01
-4.088880326931450537e-01
-5.110337573688562562e-01
-7.132059765648699479e-01
-9.087034749070562745e-01
-2.283845871902028674e-02
-4.580668576430547700e-01
-3.309974347020356866e-01
-9.297453680229386674e-02
-3.975377978879094942e-01
9.126814928663469217e-01
-3.707867429909553203e-02
-9.460924391012355272e-01
5.514787543908751255e-01
2.968955703876060420e-02
1.174681622359371180e-01
-2.805959061420231215e-01
5.459359762514219838e-01
-2.534235466966070494e+00
9.748739759173068453e-01
1.417229163021835436e+00
2.039322902573373342e-01
7.686240081349167141e-01
-5.951076213619818089e-01
-9.634642197806814190e-01
2.017619058574484509e-02
-1.762343912840060867e-01
-7.502984207454558296e-01
2.285375943537865662e-01
7.593796036456837983e-01
-6.804013279775689149e-02
2.778514707512068638e-01
1.275221328433399970e+00
4.545084327327339468e-02
9.580569455203237217e-01
-9.227039990127458013e-01
2.615776249989142377e-01
-9.566752899069919103e-01
-9.968504183306636790e-01
-8.178877567992678399e-01
4.855899481951899133e-01
2.418715084427874949e-03
-6.854991914591009872e-01
-1.784108651508281573e-01
-8.541034994048746221e-01
1.383450775729823778e+00
6.573739692959863490e-01
1.600686230156821988e-01
-7.750959704180234722e-01
-2.445394181448538595e-01
5.540642493168605576e+00
-2.046948738962219294e-01
-1.298119414396165239e-01
5.146217096736139807e-01
-1.090169296554239331e+00
6.359625635662855547e-01
-6.143106084896071684e-01
6.982254449111687800e-01
-7.407074635211549629e-02
9.106222994642242108e-02
-3.897596878393885800e-01
-2.968433651806161033e-01
-8.300207985790365450e-01
-1.125499535839352416e-01
1.105381411755005594e+00
-3.598934661895920595e-01
-8.063289149275887358e-01
6.946692887885692613e-01
6.529265285402474639e-01
3.100651644786198702e-01
1.617597419842944639e-01
1.321935007805551676e-01
-1.824212243681477830e-01
-7.174296319868440630e-01
-4.724069128777688142e-01
1.986510707506682571e+00
-8.344586731944449165e-02
-8.747218822294963170e-01
-9.777181213923258341e-01
5.106853902944383794e-01
-1.991432931836238651e-02
-9.211012914761255166e-01
-1.205086248566793888e-01
-5.157747862054656851e-01
2.204588528277091619e-01
-3.089924191138924275e-02
-4.003047984497286604e-01
3.500712527670934299e-02
1.365455174874173616e-01
-1.767706756667278278e-01
-1.309388416177797110e+00
1.463438164962962418e-01
-1.120459552321488417e+00
-1.093774209646310558e+00
-7.565074003487026744e-01
-1.640950329094799987e+00
-1.265882275028630266e-01
-8.488309551950317111e-01
5.262811761239111208e-01
-6.121747224074977067e-01
1.290344376001474780e+00
-7.897440205155838999e-01
-3.649403312890291406e-01
2.785893819994088583e-01
-1.390011815278854979e+00
1.019674880299296094e+00
-6.285979009229432091e-01
3.012137163380503302e-01
-1.372262611345125727e+00
9.086223650055333945e-01
-1.889922661343126364e-01
-6.298206497991165609e-01
4.685682533286282814e-01
1.401558364311949745e-01
-7.169586608678201189e-01
-4.031900798847261047e-01
8.794452419376064256e-02
-8.793335407568432238e-01
9.707499344824030985e-01
3.375068821655841655e-01
-4.609811180154052224e+00
4.564914191961272349e-01
-1.249691489973749070e-01
-1.198072995384192208e+00
-1.429296982090163315e+00
-9.796197641397026423e-01
3.314067943500441094e-01
7.881857579107551803e-01
1.008686011278533134e-01
-4.731848721625766530e-01
5.607062135512589363e-01
8.041567784968567389e-01
4.098712500715375184e-01
-1.083439723105341645e+00
-7.864299049526300989e-01
9.331240870370176577e-01
4.852052014385747070e-01
4.335706887652887032e-01
1.559466861815098193e+00
8.335629181677997046e-01
-1.378548704686699544e+00
-1.010001310325353119e+00
2.480682609092295654e-01
-2.491094282974249952e-01
-3.250845033000501760e-01
-8.246393675508949528e-01
-4.242476100139868089e-01
-5.325194930014113259e-01
-3.831544309992399033e-01
-8.565242537637752784e-01
2.958918812590296543e-01
-8.429708569233005377e-01
-5.985869570519288807e-01
-2.516205871476089873e-01
-2.718935713778098950e-01
-9.656208669968016634e-02
6.212634554564369083e-01
1.645396297347086201e-01
1.538579223023484599e-01
-7.973283824974430889e-01
-1.176578909118580207e-01
-4.673858907877344038e-01
-6.331304913601318862e-01
-2.799300352953363880e-01
-7.256829304730808561e-01
-3.930267219951709134e-01
-8.238915721437153894e-02
4.822788499420577191e-01
-6.886042610794933516e-01
-2.199217802932217913e-01
-5.620035180374948203e-01
-4.850743669763635801e-01
2.960873471843442628e-01
-1.794586480352305946e-01
-1.394214174859175481e-01
1.560940808225124821e+00
7.131987168369451346e-01
-9.815594717724284157e-01
2.191180784262699022e-01
