8.132618748489212068e-01
-1.000000000000000000e+00
-4.431024240096860523e-02
-8.095681273276288392e-01
-4.805876261738493693e-01
-6.120393733385797175e-01
9.548315256413947294e-02
-5.034677681783445991e-01
3.725323263469004775e-02
3.893870506362859807e-01
1.000000000000000000e+00
-9.580752716725339235e-01
1.000000000000000000e+00
2.393382941565770916e-01
7.274782389921999881e-01
-1.791473678007058368e-01
-1.970196411868250785e-01
-2.798285647743095628e-01
4.321590476304683071e-01
2.567081402111010338e-02
-1.000000000000000000e+00
1.271177407791461433e-02
1.010425274839754778e-01
5.163256039491087579e-01
-3.305716512361399073e-01
7.424571155899005737e-01
-1.000000000000000000e+00
-6.114343408562917803e-01
5.078771768974350564e-01
-1.300711789142306452e-01
4.713323030401829206e-01
-8.550873589569851774e-01
-7.287392182602441260e-01
-9.389352804914805617e-01
7.281707647176761666e-01
6.814354796785859758e-01
-7.073921189385319330e-01
1.000000000000000000e+00
-2.536135065209303985e-01
1.923661371946414345e-01
-2.562067420241735394e-01
4.370651504208809823e-02
-1.671967083547955257e-01
-2.526359598506049409e-01
-4.306726808887672564e-01
-9.137674754435128888e-01
9.857413127327971925e-01
4.315891910935207854e-01
-3.073785852255283557e-01
-5.920042447790712092e-01
-1.000000000000000000e+00
-8.113857050426223072e-01
5.120452625116312939e-01
-9.696202834950486960e-01
-1.899127160883162246e-01
4.593097532644074138e-02
-3.359376742137777927e-01
7.267635367528982870e-01
3.465003033515374753e-01
9.316892466122381200e-02
-7.636645372473622323e-03
1.844613827690455843e-01
9.559357045946264009e-01
8.829556663600837685e-02
1.403360738694101606e-01
7.469519439789628068e-01
-1.000000000000000000e+00
-8.380425146317342922e-01
-5.365064883383149352e-01
9.751381590232857111e-01
-3.910273392627019451e-01
-3.922624083411369034e-02
-6.747845480769774085e-01
2.769089274364889067e-04
-3.430445953070529463e-03
7.277075626683111587e-01
9.063111026771509815e-01
5.416459322397144671e-01
-1.264428286261355672e-01
-9.614854905426963860e-01
6.468601650182077556e-01
-7.085988884667115961e-01
-1.664581549429785812e-01
-3.911239616145384956e-01
-5.445890698574022970e-01
1.000000000000000000e+00
3.947060214370163855e-01
-2.985738189157562950e-01
-1.000000000000000000e+00
-1.000000000000000000e+00
-2.900347449175486036e-03
-2.503143126292117215e-01
3.851951411970714473e-02
1.480834087903311613e-01
6.736610555685792479e-01
3.762960113229762982e-01
-4.204041299465963721e-01
1.432423275585082145e-01
-1.000000000000000000e+00
4.462354955594977635e-01
4.237958637389329097e-01
5.010363399153058284e-01
-7.115718700854762879e-01
-6.529239583007337977e-01
4.117832163713622817e-01
4.604932773382244826e-01
1.469843833190492555e-01
6.777217306616842851e-01
1.401027877682591849e-01
4.305539460133981922e-01
-7.779610222086152937e-01
1.000000000000000000e+00
-8.833652072663000787e-01
1.554890821232421116e-01
3.617637374662144856e-01
5.716693088168273151e-01
1.000000000000000000e+00
9.617337287751284158e-01
-7.589815182568436791e-01
-8.578250949748114085e-01
1.000000000000000000e+00
-1.696880477265307885e-01
4.334132487077626411e-02
-6.460717670258858680e-01
8.919225578531517207e-02
-6.698496450474422659e-01
1.524437860506118458e-01
-3.323562228696568255e-01
2.092850071766819697e-01
6.329622894952400269e-01
4.352638168060646850e-01
-1.000000000000000000e+00
9.417545177211852359e-01
9.630608583981415949e-01
5.506381595858351741e-01
-8.319556458687655809e-01
2.225929276436053317e-01
-1.000000000000000000e+00
-4.522063980279977247e-01
2.062858961777669364e-01
1.000000000000000000e+00
-1.183795123582373765e-01
-1.000000000000000000e+00
-1.598975410704158925e-02
7.515568143598627682e-01
-1.528602870590636542e-01
1.025691597543674088e-01
5.072730533684101095e-01
-4.720081721650649653e-01
4.121212708530903185e-02
-2.417261743497277071e-01
-8.088950523998543474e-02
-9.749230966856613501e-01
-7.355053339191931494e-01
-1.091282881598410054e-01
2.175033324363387366e-01
6.217033628379423638e-01
-5.880382117134370645e-01
-7.015064931212012800e-01
2.294433950304954339e-01
2.038128692671805076e-01
-6.988345603835476316e-01
-2.085989499563384586e-01
8.490582629321746788e-02
1.601069037504348480e-01
4.849058629876126236e-01
4.804324744383465795e-01
5.861813460599887282e-01
-9.395561654900080883e-01
4.381829882139890442e-01
6.062813980136577685e-02
8.529217306356767780e-02
3.044961729248737425e-01
-3.495975382030556133e-01
7.118091110277859901e-01
3.134051561917749473e-01
6.936086927797902035e-03
-6.021963424728431491e-01
-3.272286016730860392e-01
-7.918164279698057806e-01
4.140366446673160450e-01
-3.341684145958851992e-01
-4.354316314816335520e-01
-7.253787426112099368e-01
-6.534433473608983745e-01
1.000000000000000000e+00
-2.603935784435610912e-01
-3.367036729599025557e-01
9.636163737035703392e-01
-6.310149596999614641e-01
-3.159679768511260978e-01
7.393050581293425516e-01
-6.657009575917472999e-01
3.999046333568933020e-01
-1.879898779883300564e-01
-6.823173240220788138e-02
-1.852436574784296353e-01
-7.292135320453601022e-01
5.284377922331876531e-01
-4.237154502622322849e-02
5.333266495575312849e-01
3.577897248266213026e-01
9.949787611703123091e-02
8.147490146207878592e-01
6.704145096503062451e-01
-7.269096489576751807e-01
1.452419381983939550e-01
-1.713502418446931908e-01
-1.000000000000000000e+00
6.456252833704806404e-02
-3.451223675045356210e-01
-6.400663719731201073e-01
4.122050477906735177e-01
-6.510087346006056264e-02
7.261265477514775579e-01
1.421850100090773367e-02
-5.537650646720829184e-02
3.271509266536566374e-01
2.049245715443173688e-02
7.270192211529571402e-01
-8.349417518306475605e-01
4.175201098626081797e-01
-7.009924523139250407e-01
5.267365818241166453e-01
8.389131151020912114e-01
3.619713963922248090e-01
4.202102545102025521e-01
3.442655165681928753e-01
-4.047779433740689159e-01
3.070782922129636217e-01
-5.482409481717895883e-01
-8.181351602327704420e-01
-7.894262024356032414e-01
1.000000000000000000e+00
-3.426779820249488129e-01
-1.000000000000000000e+00
1.000000000000000000e+00
9.827010241565701243e-01
1.944806635842470932e-01
1.000000000000000000e+00
-3.842899125211322042e-01
-3.444304516583558406e-01
-1.371231220824609132e-01
8.477630272791141230e-01
-2.126704425363287743e-01
-8.366238028277221961e-01
5.720058031643239227e-01
1.747707780171293135e-01
-6.645515127692044333e-01
6.617640340665845722e-01
-4.762584690838020940e-01
-1.000000000000000000e+00
-8.720333875964859927e-02
3.234716853485917198e-01
-3.229665702857893450e-01
1.084137801986394395e-01
-3.602016899955189921e-01
6.416076135067034780e-01
8.452951151288864984e-02
5.529632271303857038e-01
-2.027423714236401830e-01
-1.000000000000000000e+00
1.242386250703056694e-01
-2.212856149518687213e-02
7.424208787201649895e-02
