-9.819309066080481041e-02
-6.971945657112899042e-01
3.682480918231403333e-01
4.305249044821884974e-01
-3.306702479516457349e-01
9.351161263989093975e-01
-3.729679382672790866e-01
-9.478995241701299035e-01
7.085752343145628185e-01
-1.334353627844128143e-01
-4.626780010060984605e-01
-2.891682882958140910e-01
-2.092113988346785622e-02
-3.944258621691813516e-01
-7.054454591160072008e-01
6.112384273499351650e-01
-1.000000000000000000e+00
8.491627398204832922e-01
7.729246533807349051e-02
4.710179074185100734e-01
-1.000000000000000000e+00
-1.804590170861229415e-01
6.648612102496602450e-02
-4.553183503312620006e-01
6.645481902108582584e-02
-5.673498935737603110e-01
6.036944657365054256e-01
-5.586248196236657249e-01
-8.742331577686661692e-01
-4.237258142717301723e-01
1.799447541867210398e-01
-1.204458250551231069e-02
2.615589562909050314e-01
-8.959259172129246940e-02
1.000000000000000000e+00
-8.734689524910348168e-03
-7.637056280821700183e-01
-5.419850822304068672e-01
9.004080761707016212e-01
-7.324453433540538683e-01
8.033303494722148219e-01
-7.107917282921790703e-01
4.946159566554721998e-01
9.781811994482892958e-01
8.948548306717836187e-01
1.000000000000000000e+00
-1.000000000000000000e+00
5.681777661125479995e-01
-5.874352393926158822e-01
-7.553979495900953189e-01
2.187751369935307943e-01
-1.621920585199195242e-01
1.624189818573795185e-01
-5.822721077766874753e-01
2.849779833884127367e-01
5.192377991786605723e-03
9.111735487517789167e-01
1.000000000000000000e+00
-1.000000000000000000e+00
4.002705247018208956e-01
2.263196725407567444e-01
3.761383528727998415e-01
5.859344081101059976e-01
-1.783892435869057769e-01
2.067312082054892086e-01
3.503004542881562600e-01
7.975572900475333959e-01
5.053493902528295445e-01
9.852960785002974342e-01
-4.654475947108437928e-01
-2.373647239818833243e-01
6.176351062281346116e-02
1.606758732076068730e-01
-3.345992155809233148e-01
-3.572585045310976981e-01
2.706851990102966954e-01
1.760053625170265590e-01
5.064315834188221066e-01
1.659977473004049797e-01
-5.060666387468376604e-01
-1.000000000000000000e+00
4.539975966293511300e-01
-3.775514747826373418e-01
-2.501870993178672564e-01
-1.979768648007556031e-01
5.697990285513750974e-01
-1.000000000000000000e+00
5.439789600269751002e-01
-6.452422367320151952e-01
2.844564802891879074e-01
6.534046462483740214e-01
-5.541660934750456402e-01
3.464012214647593235e-01
6.493020255962282938e-01
-5.646116117158573450e-02
9.153987141681065864e-01
7.465174092235551395e-01
-7.215309532911879931e-01
-5.646974496424100876e-01
8.254954969110306351e-01
3.787961674425474046e-01
4.381248988757893148e-01
-3.591238985707508324e-01
-6.797474678872044151e-01
-5.241139080363326208e-01
-8.232456911913730302e-01
-3.415382251006022218e-01
-7.047184114772397923e-02
3.423614426296518048e-02
1.000000000000000000e+00
-4.621942236491095590e-01
-3.092490303540537111e-01
3.885975538889170355e-01
2.686854636394402362e-01
-2.690451269282953528e-01
6.331333381999543208e-02
4.714001376978505520e-01
-5.229677432910653234e-01
-3.029923502135947189e-01
-8.199710875521036835e-01
-4.880265950569984135e-01
-7.451212127998292356e-01
9.749990174238709617e-01
3.323056349151689570e-01
5.651391268235291809e-01
-5.769015280827038961e-01
-9.333402470811901219e-01
-1.000000000000000000e+00
9.186147466836092068e-01
2.773921169169270978e-02
1.216359069918231672e-01
5.704615624625786197e-01
-1.000000000000000000e+00
-7.126873330837261156e-01
5.831228812482702750e-01
-5.031056058681082632e-02
-9.782383392410437528e-02
-1.630431320692722341e-01
-1.508956649457894317e-01
8.072142406887140575e-01
-3.676263117031220995e-01
2.614799959754228187e-01
1.188980698342492759e-01
2.804182362203953560e-01
3.561295972752978045e-01
8.755752381412048591e-01
5.325706782139971729e-01
2.827657979720039627e-01
-8.864969451302306958e-01
7.737145185602153363e-01
-1.018694804677894999e-02
1.718840305387243084e-01
-1.448407873054168293e-01
9.739277245433705654e-02
-6.263063951488239134e-01
2.514080586910384940e-01
7.332082694473677220e-01
5.013008916106176382e-01
8.224689232885443735e-01
4.715044281893431277e-01
-9.579723445583283592e-01
3.944524902992223025e-01
-7.095200729395377826e-01
4.900686482004450450e-01
8.853495457552884584e-01
1.625276395947430619e-01
-9.734218424098969313e-01
-5.079541241081549086e-02
5.650596662657547675e-01
-1.991277742960612385e-01
1.000000000000000000e+00
-6.075825134340832046e-01
-1.287453456488885650e-01
-3.443029072448997030e-01
-1.094289518343326099e-02
9.831469420062644016e-01
-3.868661955393362106e-01
-1.436444629948664953e-01
2.298572487372227413e-01
-1.860179895259963523e-01
1.000000000000000000e+00
1.779805329300792049e-01
-7.127793046353089190e-01
4.434627034138572954e-01
-1.736996737298414639e-01
-1.484811444225637156e-01
-4.379355485152593985e-01
-1.921796870452998351e-01
5.328748369164215681e-01
5.408619567913171000e-01
5.158736667362998629e-01
-4.753460087407695989e-01
-2.198024809643362165e-01
7.469508661705177577e-01
9.579225925579193390e-01
-8.321468764116239925e-01
-4.793411733861736024e-01
8.069636898516457935e-01
1.000000000000000000e+00
-5.713467917450704148e-01
4.843396156661031737e-01
-2.401756717733964375e-01
3.563181829281626689e-02
-5.947395891314607996e-02
-2.936898230632624673e-01
4.447811067558391507e-01
-2.870220412340210303e-01
-6.120897136133656158e-01
-5.645116080386360924e-01
4.042040245931025066e-01
-4.706795499336103306e-01
-3.663677185109817103e-01
6.267970389968464950e-03
-1.705795475096292257e-01
5.637918463432698424e-01
-1.125199385913480121e-01
-1.000000000000000000e+00
-4.398270406803726496e-01
3.812475307953263060e-01
5.930670474752652854e-01
-3.624189267679385762e-01
-8.647357554830286119e-01
1.000000000000000000e+00
5.470676193655416020e-01
5.858676407130959385e-01
-2.637029602978326892e-01
2.530910224486787596e-01
-7.413282515339471024e-01
9.835434634753990046e-01
2.162196990247193529e-01
-8.852970549300629433e-01
5.051486850104220938e-01
3.976046169383662399e-01
5.801550360275682661e-02
7.392792727874742953e-01
-3.152645523539888694e-01
3.234681498201500416e-01
1.555956552761544875e-01
5.357310706334218464e-01
-1.058137838313349399e-01
-6.915950541235944549e-01
-9.338107614635275944e-01
9.327072570723111689e-01
6.563261481186066781e-01
3.398890202225780532e-01
-1.913409211259890774e-01
-9.034503533195291647e-01
1.087758833276124826e-01
-1.918042656343644514e-01
-2.645139209521172319e-01
-1.429549953239361848e-01
-6.354905579810447014e-01
-1.000000000000000000e+00
5.323098718938613638e-01
1.920120794085907190e-01
-1.494097488727300638e-01
8.143953541802524398e-01
7.663136069017243424e-01
6.034465549052790978e-01
1.836268249525533913e-01
-2.935144634820433529e-01
1.000000000000000000e+00
6.001579490804332950e-01
-4.655964434221835369e-01
1.078666527744087944e-01
