-2.401403493464245309e-01
-2.087654687408484477e-01
-6.757615587536629498e-01
5.952152987615054458e-02
-8.493475019353165234e-02
8.235680756447048001e-01
-2.375155349346662614e-01
-1.014247178387093495e-01
-9.480561177625841385e-01
3.728309342627110778e-01
-4.902219015341403030e-01
-9.399548045116165595e-02
7.724324295782874182e-03
7.277594131143771961e-01
4.411552712250335628e-01
9.986238196806485057e-01
-8.954735103886954928e-01
-6.334012652415959010e-01
3.497472607884439255e-01
4.800385306258274642e-01
-2.928066323423692552e-01
1.373949629061752553e-01
9.956233174097411931e-01
2.592603675046070144e-01
5.257290680397908034e-01
-1.000000000000000000e+00
5.015429294554376582e-01
4.345922257082361628e-02
3.796923572906550359e-01
-5.501201995723181692e-01
-3.226999299797551624e-01
2.180394879036856304e-01
8.819114659845637139e-01
-1.686937995801355838e-01
9.889694350312701054e-01
1.000000000000000000e+00
-6.681578178561050629e-01
2.424588358078767492e-01
1.000000000000000000e+00
-5.983031311934663421e-01
5.242859460582395270e-01
-1.000000000000000000e+00
5.974118628654219165e-01
9.979623811598856697e-01
6.404614104523874696e-01
1.851690730662640116e-01
-3.314859383384237690e-01
1.000000000000000000e+00
-4.934401936166867286e-01
-6.859740444325233000e-01
5.147918270707829702e-01
2.927715679977021535e-01
2.422825977703105954e-02
-2.436493735106897429e-01
1.000000000000000000e+00
2.811461823538276006e-01
8.973761512868381196e-01
-1.000000000000000000e+00
-4.236261515759859875e-01
6.483310950030320985e-01
1.000000000000000000e+00
5.487485838256026538e-01
-6.831946835588361688e-01
-1.000000000000000000e+00
6.278410522117087167e-01
9.957272403794845683e-01
6.484036581193103332e-01
2.679644649607826334e-02
-2.264608414763774058e-01
4.310449283057275760e-02
-1.482720786961840287e-01
-9.963544402493194063e-01
-1.254826608734782231e-02
-2.090723180934963010e-01
7.616940667447883451e-01
9.960157473145025975e-01
3.454658396506386508e-01
-1.842604237917928600e-01
-1.692121198454969166e-01
7.856349997270850594e-01
-1.000000000000000000e+00
4.986644599468806338e-01
-7.218213102037204232e-01
-7.798007526563427438e-02
-3.285831566126590220e-01
7.746533305283684334e-02
-3.294869758114583602e-01
5.281459339958221033e-01
-6.276159507067005094e-01
2.491035787802009516e-01
-5.449027009948134159e-01
1.000000000000000000e+00
5.205652194099157359e-01
3.815184551878479935e-01
-4.412208546840118983e-01
-7.630450773642809548e-01
6.053509440639286421e-01
-8.384157509677956366e-01
5.810938486787715629e-01
3.133454122246850937e-01
4.382019061357312339e-01
-3.523483797522872218e-01
-2.924754344493962765e-01
3.947961628066726236e-02
-8.272008598848008543e-01
6.368152545328598091e-01
-7.339451727509337386e-01
-1.034346558426904941e-02
2.800532259737641416e-01
6.549657327287368158e-01
-6.503343616521732873e-01
6.511037681893807605e-01
4.611378826445948764e-01
6.101547700317667272e-02
5.898015088465387301e-02
1.205150925809054391e-02
-2.514694056992939908e-01
2.679350100122792622e-01
-3.036522210457965332e-01
2.575663774112221249e-01
-1.708830991744426098e-01
5.705504506611894788e-01
8.426895952109485499e-01
-2.949520753533779391e-02
8.386944222694437956e-01
-1.000000000000000000e+00
-9.987131577592782694e-01
7.114512596320030080e-02
-2.583736214979058810e-01
4.979568874746049811e-01
9.981433342971546274e-01
5.497174391848386188e-02
-4.043752272364183331e-01
-4.788014562054052070e-01
1.503041734426487641e-01
-8.200728432290219083e-02
-7.137424604664484029e-01
-5.140636859890318489e-01
-4.068608110163614289e-02
3.740022307545070035e-01
-8.964989724660999970e-01
2.823872094794001031e-01
-1.000000000000000000e+00
6.188352817054226795e-01
-7.427757243135016396e-02
-4.140396531314255446e-02
6.366356977781002513e-01
7.858753740352428796e-01
-9.034116897055002315e-01
8.300607000319489837e-01
-7.637455575158186294e-02
4.229195525535098810e-01
-6.962685274571869254e-01
9.672347817313814433e-02
-5.172961534754369484e-02
5.762222240963452702e-01
1.000000000000000000e+00
6.021214313721299227e-01
6.652526561403684369e-01
-6.328072948713852064e-01
-9.702539603215384334e-01
2.233047495113781866e-01
-7.888154448100792582e-01
1.804833349266428688e-01
1.795265887394941196e-01
-3.233883218733148157e-02
-7.524224688505621872e-01
2.642635436332289034e-01
-1.450557394960178548e-01
-4.422365178746648917e-01
1.000000000000000000e+00
-1.657620844956840533e-01
9.906022850440598937e-01
2.623388951350625886e-01
1.101491400374681462e-01
-9.640884327058694137e-01
-2.248727739054894315e-01
4.827854706683501473e-02
4.289106093389072893e-01
4.462826051841918273e-01
2.960822880592247630e-01
1.956582782111496166e-01
-5.652288402724453542e-01
4.979398725640202805e-01
6.574804934250811916e-01
-3.769745130793195065e-02
2.179454783464759848e-01
-4.838677243286451102e-01
3.438658144392308103e-01
2.824899495663482085e-01
3.704535781237370262e-01
2.078727496305519673e-01
-7.299114473181819163e-01
5.742868150844973041e-01
9.427699982683594992e-01
-7.184286845242027209e-01
-2.833934691046097187e-01
-4.179025247499805751e-01
-3.963684430991147867e-01
-1.000000000000000000e+00
4.881798732280289155e-01
3.182578417807939708e-01
-4.017394757699779828e-01
3.419308094943989684e-01
3.342222352023727083e-01
-1.000000000000000000e+00
-2.451488085155055230e-01
-6.214649655811679274e-01
-5.319325507590313418e-01
1.417738327181907732e-01
-3.618738855829405909e-01
-6.831366907399709643e-01
-9.522899145954895339e-02
-1.552398374948587567e-01
4.887209745064408639e-01
-4.651887277213576644e-01
-1.000000000000000000e+00
-5.078792259116382546e-01
2.530356616980149465e-01
5.071369310303310007e-02
-5.605826323815861212e-01
-3.721326237095298195e-01
9.145900294865065838e-01
1.794743846363062723e-01
5.125785308365564674e-01
-4.794074484919035317e-01
-2.751372364640490842e-01
-2.997064110648079427e-01
9.459175943333185677e-01
1.097999882157900120e-01
-7.182450138598965861e-01
6.625521995720957680e-01
-3.533995943850715693e-01
-8.976019476236968275e-02
3.997599142547362261e-01
-8.049891477947537233e-01
4.399451809912299227e-01
1.307796215012911323e-01
4.020752522680071661e-01
5.132304954769854044e-01
-9.726923999891178285e-01
-8.097818196971682259e-01
8.767882640090820523e-01
1.000000000000000000e+00
4.336186314298430822e-01
6.394504800380207063e-03
-7.058121849399170422e-01
-3.025918548104622463e-01
-1.589826441268357704e-01
-1.579035438077713571e-01
2.513655499739597121e-01
-9.179978043908881835e-03
-6.557771701327598235e-01
6.631087361601277763e-01
-5.322219817271958142e-01
1.493252026148211287e-01
1.000000000000000000e+00
5.555061905293385838e-01
9.981018921010287315e-01
5.197616927215513716e-01
-2.385243367877039056e-01
7.910844436666659707e-01
1.785144784212822633e-01
-4.577476892202069769e-01
1.023603191773757165e-01
