8.806112644625245789e-01
4.604391158010494589e-01
1.000000000000000000e+00
1.000000000000000000e+00
-4.092708015459707305e-01
-4.486794518838021356e-02
9.966401600442921227e-01
-1.220766033122492183e-01
-4.740994517819525078e-01
-4.114886066473362192e-01
2.299182438774468318e-01
-5.822625122876100567e-01
-8.056462777301760525e-01
1.000000000000000000e+00
5.937846111254692083e-01
-7.833197860608775986e-01
6.401356339789146532e-02
2.518215730742334735e-01
-9.195513581000761549e-01
-9.524265145588620696e-01
7.029789316283400202e-01
9.536608613854541394e-01
-8.406474777624862726e-01
7.485486154695629724e-01
6.868103428330499804e-01
-9.380069736836820216e-01
-3.000206720697847773e-01
3.409583520657863964e-01
-3.591491827030203199e-01
1.320359220775531861e-01
-8.464476296180627468e-01
-1.321268635208872333e-01
-3.048215299323771554e-01
9.745528991734121738e-02
-2.628636986744680160e-01
1.000000000000000000e+00
-3.890618526482645390e-01
-5.608433449516341263e-01
8.117511175200719381e-03
1.678380258802527822e-02
-1.990494458789490440e-01
-5.137984407034790202e-01
2.532110938485844787e-01
-5.297780834959995300e-01
-1.000000000000000000e+00
-3.129062954115418571e-01
1.000000000000000000e+00
-2.857097560905157985e-01
7.551648059050196649e-01
-4.358134507959753878e-01
-9.812505707755139195e-01
-1.478708445817562556e-01
4.517676520431686549e-01
-7.804262502305912008e-01
9.409175507769853564e-01
7.701524663058187947e-01
8.420341807702039771e-01
-5.453756801228555329e-01
1.800493404950522791e-01
-8.014356607566380797e-01
-2.567295861954847491e-01
1.760018452709782855e-02
5.048911096953193622e-01
-8.697948576393261799e-01
-7.378001033452127322e-01
-4.136076234285584463e-01
9.024104264760471894e-01
-4.846311213034098508e-01
-6.131314812456155616e-01
-1.340927782386993616e-01
1.000000000000000000e+00
1.000000000000000000e+00
-1.588763601007595755e-02
-3.957836588318985327e-01
9.726899138964992808e-01
-9.163140447188113935e-01
-5.573268730896687728e-01
-1.000000000000000000e+00
-8.974734229445173739e-01
-3.499790417973284162e-01
9.405380213782179588e-01
-3.078007634412773322e-02
-4.943478525308498961e-01
-4.863090646404855111e-02
6.266167337362729128e-01
1.674421289819303660e-01
1.000000000000000000e+00
1.349312893216370046e-01
-4.738267685456382661e-01
3.797286573108336616e-01
5.305182979488839434e-01
6.111346145053273560e-01
-8.867764800963859884e-01
3.702144549647803373e-01
1.000000000000000000e+00
-5.482726511121174262e-01
-2.441407663200171607e-01
-3.862457364860171216e-01
-1.412421348456418813e-01
7.569073679095122964e-01
6.913604925618103136e-01
-7.322644320877422786e-01
3.439658140564650912e-01
-9.837974099493972391e-01
-9.263652848139367624e-01
-6.204517556807256362e-01
-7.932200566464010505e-01
-1.000000000000000000e+00
1.000000000000000000e+00
1.968283236155684013e-01
-8.133800074336079433e-01
5.113254622025310558e-01
-5.061212004482052995e-01
-5.759517629061806643e-01
-7.683346704943133654e-02
-1.211336539356417386e-01
-1.172487121926182319e-01
-1.000000000000000000e+00
-9.914692558930935373e-01
2.388283447249466007e-01
8.706969262401430543e-01
1.988094565679469072e-01
6.102349731537572985e-01
-1.997377704133525556e-01
-2.324305828860071255e-01
-3.718099431897771701e-01
6.481377807551848003e-01
5.469376092789923066e-02
-8.202526459969798900e-01
-2.709049803685229518e-01
-6.203302673042633275e-01
1.000000000000000000e+00
1.344302902409174466e-02
-2.159967980726329173e-01
-9.047097608554043324e-01
-9.971139037524110460e-01
3.284680743252835211e-02
-2.931810809230562809e-01
3.923419915821351744e-01
-3.098221156873954829e-01
1.000000000000000000e+00
-1.687851547130184704e-01
-9.657410386383378231e-01
5.480303804330485251e-01
-6.176385920839011501e-01
-7.101584394380761056e-01
-6.227926245893942170e-01
-4.846669308555043854e-01
2.127023797657733861e-01
2.639884439769636382e-01
-9.298302952574225566e-01
-1.000000000000000000e+00
-7.417038222273258929e-01
5.748328874637250729e-01
5.905087250526912523e-01
-6.085693200629289229e-02
7.692261644563216372e-01
-4.924259908476291137e-01
1.311352887388621269e-01
5.344109083083027345e-01
-6.120709962555365147e-01
4.008014328795567183e-01
-2.545182238327172719e-01
1.578979651073959545e-01
8.092542198878469595e-01
2.070663191335495590e-01
2.255365539147311804e-01
9.888730166934220911e-01
-7.504451220813215806e-02
1.445185278157241349e-01
-3.719149724972624083e-01
6.256541537514287432e-02
6.582141712772847653e-01
5.260886651041506434e-01
7.091445158528457693e-01
-3.336564729678463681e-02
2.948751734550937309e-01
-9.196766711180932585e-01
1.000000000000000000e+00
1.000000000000000000e+00
-9.561233417163496062e-01
-1.823105597253566468e-01
3.264997334796853057e-01
-6.688486461528577731e-01
-2.221858697677490391e-01
2.319451387403923814e-01
2.439779363786502564e-02
-5.650541432231808159e-01
-1.736472953662116792e-01
-8.395392864898112428e-01
-7.300483486154527579e-01
-5.363730333560230434e-01
-9.575008727625295979e-01
-5.345111207123169894e-01
4.462276125265614013e-01
6.342902987049970909e-01
-2.093919505344001286e-01
-9.073476589440736539e-01
5.981363683902582440e-02
-1.810660114594841649e-02
-2.269310125403394829e-01
4.448966898426217620e-01
-1.000000000000000000e+00
-1.325359808549089191e-01
3.255626920865046792e-01
3.151669378821626011e-01
3.713714046841052330e-01
-6.064025096272991355e-01
-3.714664245775068374e-01
1.125390411932332413e-01
2.447495005284924113e-02
-5.551824825960757215e-01
5.990882348866538587e-01
9.181607011219431458e-01
-1.000000000000000000e+00
-1.000000000000000000e+00
5.888048884136930505e-01
-9.831726399022835405e-01
-1.748356499447245582e-01
6.217217548989271148e-01
2.134350769166844519e-01
-5.626750497104143767e-01
-1.465839293027351165e-01
5.757229215409952472e-01
3.741020452434897225e-01
1.000000000000000000e+00
3.408603411537599465e-02
-2.579995095693382590e-01
2.515118858427205506e-01
7.259068980051387454e-01
-5.915613219279023394e-01
-2.029444207048859417e-01
2.900904525810642509e-01
-2.372674459011640258e-01
7.720009005884305164e-01
-5.525008557462658398e-01
1.343719134827525419e-01
4.171979705921184944e-01
-4.043971406990115036e-01
6.280306043327796850e-01
-7.288737724202275503e-01
-2.490653887169073932e-02
-7.491439712951901697e-01
-5.301709612844985875e-01
2.738742626511849187e-01
6.485606859360535381e-01
-2.226874226596874118e-01
-6.049536456915131054e-03
5.504295195778455829e-01
7.075431470288789937e-01
-5.091437310714468090e-02
2.187132974743995206e-01
1.828763091211810798e-01
-9.778110921789362475e-02
2.939079900870718021e-01
2.548057605527894731e-01
-5.412962652112858208e-01
8.550743444077597566e-01
-1.854135773818643418e-01
-1.717759165968296697e-01
-8.460495986226141962e-01
6.295585441341473576e-01
-3.553278326619439542e-01
8.261562892184090012e-01
2.954142895853026918e-01
