8.374992170962003435e-01
4.586373112690360632e-01
9.754807116889212537e-01
1.000000000000000000e+00
-4.074845737378803290e-01
3.601283121891782346e-02
1.000000000000000000e+00
-1.315503492421052356e-01
-4.816681217189749398e-01
-4.567408883753629745e-01
1.716823175545394986e-01
-5.845576109435557388e-01
-7.682914108236826856e-01
7.122724615253239744e-01
6.155428957213953112e-01
-7.365848396452762126e-01
-2.911657136514566105e-02
-4.535659677277971147e-01
-9.211658347069486830e-01
-9.476580548713575691e-01
7.003912091892792180e-01
6.750751652930117030e-01
-8.580679422420542934e-01
6.955246131005532462e-01
6.128868024600593323e-01
-9.056838080192465279e-01
-2.446474812716705194e-01
-3.900591320354001579e-01
-3.610726906433204264e-01
1.095451339610853669e-01
-8.473939516251335347e-01
-2.162037223995867952e-01
-3.286086214768638714e-01
1.944987525268063455e-01
-2.856249357750191287e-01
1.000000000000000000e+00
-3.857898311521646972e-01
-5.809762096381330121e-01
-3.489482550966346852e-02
3.227155722820373301e-02
-2.449348982479864489e-01
-5.157809323262980694e-01
-1.513621495709090159e-01
-5.298188887979826678e-01
-1.000000000000000000e+00
-3.062981875640775620e-01
9.730123821817953100e-01
-3.591297648558018918e-01
7.622736196450561330e-01
-4.354374693114166361e-01
-9.685518893269688956e-01
1.614898178803736151e-01
4.238128833878280211e-01
-7.805507801787512356e-01
9.483254561324836462e-01
1.000000000000000000e+00
8.301541877806993819e-01
-2.695750046230266372e-01
2.053476901931473031e-01
-8.047525424543700012e-01
-6.250299527049041348e-01
1.797278434240019360e-02
4.793789244640030422e-01
-8.709920598036136052e-01
-7.712932706555648554e-01
-4.069271291074264552e-01
9.035825587061198094e-01
-4.823094590726763053e-01
-6.133042254689761164e-01
-1.446736982005077943e-01
1.000000000000000000e+00
9.994430679316284039e-01
-1.411346078343831724e-02
-4.078569602119618276e-01
8.237277370316589131e-01
-8.362415771050137892e-01
-5.524113908932414274e-01
-1.000000000000000000e+00
-8.955916316454608506e-01
-3.556062140492968759e-01
9.495396765555191854e-01
4.724249749806083004e-02
-4.760898055414856112e-01
-5.574223837615800009e-02
6.276942905172115950e-01
1.615582143718741204e-01
1.000000000000000000e+00
1.341043505106889744e-01
-4.473158515409542124e-01
3.483343880865437114e-01
5.671108079287885406e-01
6.283406650138855243e-01
-8.912836075041455919e-01
5.725531979435957153e-01
9.728442992786169308e-01
-4.172382694508621759e-01
-2.911765741244954908e-01
-3.879512254599997156e-01
-1.056215569444944463e-01
7.231893919813333627e-01
6.922752757183784356e-01
-7.303558593624146500e-01
1.831820360611909337e-01
-9.820435507991109869e-01
-3.564103926946773360e-01
-6.214556959039642114e-01
-9.500396257946737144e-01
-1.000000000000000000e+00
9.996707935707842552e-01
1.908021722231177664e-01
-8.124393734860401173e-01
5.179975452614903331e-01
-5.060825439329277309e-01
-5.789469434007987747e-01
-8.420821773804967325e-01
-1.185508578255771439e-01
-1.179836382020853502e-01
-1.000000000000000000e+00
-9.946042616841939132e-01
2.584099351581050086e-01
8.622339555165572378e-01
1.987591653416570237e-01
6.102781790999367573e-01
-2.032657156654481545e-01
-2.312915634996447756e-01
-3.719011380859400528e-01
-1.000000000000000000e+00
1.020401820610992438e-01
-1.000000000000000000e+00
-2.736387329663921841e-01
-1.000000000000000000e+00
1.000000000000000000e+00
1.957718400262999092e-02
-2.119001076942654271e-01
-8.943201287522202225e-01
-8.238850499669008176e-01
1.591508398287922454e-01
-2.948986972694657149e-01
4.092139131746856950e-01
-3.065373818198848244e-01
1.000000000000000000e+00
-1.635271184015682500e-01
-9.695759702393389468e-01
5.524274403729613203e-01
-6.181001489875553867e-01
-7.072041732261213909e-01
-6.239414589522133125e-01
-4.828424304562775604e-01
2.111203024493757963e-01
2.611321095753773580e-01
-9.285833821727100812e-01
-1.000000000000000000e+00
-6.908395872551593708e-01
5.318216086813283283e-01
3.496561387764515194e-01
-3.590320213148150141e-02
7.786727435123755869e-01
-8.461664762678093588e-02
1.290184395513171989e-01
5.205594585581831968e-01
-4.280703851674154681e-01
4.009646574733827240e-01
-1.855205745441868004e-01
1.394496580331755220e-01
8.115262747365664664e-01
2.100455881145570358e-01
1.120851258907218373e-01
9.887154707130860753e-01
6.560497828778655283e-01
1.590590022801540437e-01
-3.718268746806234759e-01
6.774184261679859487e-02
6.582375938774702728e-01
4.480035437690733646e-01
6.791925315374724992e-01
-3.685079004666060032e-02
2.947559797498742196e-01
-8.995209787017709457e-01
1.000000000000000000e+00
1.000000000000000000e+00
-9.586239963970727418e-01
-1.836503760344344316e-01
3.335044558706509177e-01
-6.450022476557460971e-01
-3.503063445087889471e-01
5.968143611809974269e-02
1.492554617172889841e-01
-5.205196196159094235e-01
-1.618276588661034521e-01
-8.347082419400039255e-01
-7.540502596894042009e-01
-4.736483709856160740e-01
-9.551043571934170195e-01
-5.667646916866533324e-01
4.568942646150707665e-01
5.910317153860016326e-01
-2.026626909958122447e-01
-9.072517857354190918e-01
5.961361132186827894e-02
-3.481279927046000700e-02
-2.341265724157396699e-01
4.489302955471283774e-01
-1.000000000000000000e+00
-1.294876490314447737e-01
8.498487450227646400e-01
2.962797810839353785e-01
3.776853376178984090e-01
-3.932926824848184122e-01
-3.869685910439167320e-01
9.250803100597022877e-02
2.445332635538403562e-02
-5.627635107999225950e-01
-1.262982544123132655e-01
9.137527156781375393e-01
-1.000000000000000000e+00
-9.612038087710151890e-01
6.594246609955661809e-01
-9.835342601644765370e-01
-3.143000334470631429e-01
6.097034025513794475e-01
2.208391254092278155e-01
-5.636392111452668274e-01
5.301471916751610003e-01
5.757250144897703148e-01
4.054407724083649578e-01
7.410019230275051161e-01
3.581328960320383920e-02
-2.405850114366051562e-01
2.036965614983392570e-01
7.257456411647303929e-01
-5.619064966228234370e-01
-3.318758193867046291e-01
2.894122492398030766e-01
-2.448210160409194369e-01
7.710661857294904831e-01
-3.888788213269541161e-01
-6.399610816254214414e-03
4.148861337002942018e-01
-3.932269086758312659e-01
7.137608147541425474e-01
-7.298418052050938964e-01
-1.942949252866981169e-01
-7.394310484759334390e-01
-5.194939970955623210e-01
1.988295148012259039e-01
6.128831759157962189e-01
-2.319845307102373633e-01
2.170025274747180294e-02
5.507546329838732824e-01
7.114121205144436910e-01
-5.558768262287189926e-02
2.238000949866069123e-01
-3.843388425052343682e-03
-2.948506079524526591e-01
2.893463627492743884e-01
2.834628435315114658e-01
-4.037288113861290384e-01
8.725867549294730185e-01
-2.844509570290791323e-01
-1.709612576467227918e-01
-8.489211736132390440e-01
6.608337240001952440e-01
-3.684073022087027693e-01
8.246822705798613207e-01
2.957266127729539784e-01
