5.531058678667746809e-02
1.000000000000000000e+00
7.635390981899703444e-01
-7.250533914607034669e-01
7.836183993663542457e-01
1.000000000000000000e+00
-1.000000000000000000e+00
6.452997820988577438e-01
6.239752181556399574e-02
2.873194303169726571e-01
-1.990208916931416605e-01
8.073798382804072693e-01
-8.214958490869493923e-01
4.490400167660470454e-01
5.645736048054716960e-02
8.700476091319221394e-01
-9.975546625072836959e-02
-4.826387498910409413e-01
6.811607453887897901e-01
1.565546775974357430e-01
6.548895362829557643e-01
1.087464363888722557e-01
-3.390044949803119184e-02
8.578604118615433816e-01
-1.106774279191700128e-01
-2.332803716951863671e-01
-1.569004244990974684e-01
8.947415617260351395e-01
-1.061749354131755196e-01
-3.503356904998634613e-01
5.448436911147764850e-01
3.499870925103545916e-01
-4.910506532442930339e-01
-9.003746365032665178e-02
3.315822155417978978e-01
1.853081698915681197e-01
1.000000000000000000e+00
-4.878391679361362421e-01
7.876143312642847061e-01
-1.950931032131811016e-01
-9.125654549244248404e-02
-6.364159261570350168e-01
-1.286147207533325509e-01
-1.679298883662787567e-01
-2.509755955143401218e-01
-4.563487381225050377e-01
8.042188573095585546e-01
-2.124902381220102332e-01
3.700544434330204080e-01
9.913206652856526579e-03
-1.000000000000000000e+00
2.547602288758288314e-01
7.012133988564359655e-01
7.193034497308163910e-01
4.030457992370278242e-01
-5.870660454690223018e-01
8.600835330737628404e-01
5.719111598032291521e-01
4.480535234256122212e-01
-5.691376052571008870e-01
-2.526274646841574767e-01
1.806640480679350680e-01
-4.818966294871943612e-01
4.985862415076382503e-01
3.731944479457141028e-01
9.121911205638838505e-02
1.000000000000000000e+00
-4.176831811518421089e-01
5.662981210460210635e-01
9.321569573184240731e-01
1.542406581476531147e-01
-1.000000000000000000e+00
4.806178785781095031e-01
-8.656083403385785857e-01
-8.407022643144566876e-02
7.487680757010668486e-01
-5.323958652919701384e-01
-1.000000000000000000e+00
4.949049372901972443e-01
1.000000000000000000e+00
2.060146945419924769e-01
-7.230114696701799293e-01
4.740734239218174495e-01
-1.000000000000000000e+00
9.272147264778698439e-01
-1.000000000000000000e+00
3.874941909148774122e-01
-4.354678969128409349e-01
7.145887312737028707e-02
1.108992158673928058e-01
-9.978415495938081081e-02
1.000000000000000000e+00
8.146658100067594166e-01
1.000000000000000000e+00
7.607079165823955602e-01
-1.000000000000000000e+00
3.508147192933824821e-02
2.026644892373005713e-01
3.833362126068390330e-01
-6.957706060296986461e-01
1.000000000000000000e+00
5.287037901159167275e-01
9.071776255990042503e-02
-4.698873094684985485e-01
7.226908774840037353e-01
-2.110789567918653353e-01
8.373921942852426969e-01
-8.745371476549281820e-01
-5.891313093200031270e-01
7.544971419959950465e-01
7.858593295450613248e-01
2.336425077942081152e-01
-1.000000000000000000e+00
4.905731891483248175e-01
-3.391748487899964859e-01
6.380237344031226832e-02
4.838831369268549176e-01
4.177086318315669233e-01
-1.011150749677415805e-01
-7.175403669259114436e-02
-1.000000000000000000e+00
2.841321888717482924e-01
3.300592835567968120e-01
5.653483975677001672e-01
5.115695001317744905e-01
-7.918653654253585694e-01
-1.701506517117403194e-01
-6.151879094228622780e-01
-7.347518758704949526e-01
4.310966054826596006e-01
1.000000000000000000e+00
9.164730500122739709e-01
1.518539364387402613e-01
-7.771260921736201643e-01
2.298766116104548063e-01
-7.867963476540918988e-01
-2.459994327492590338e-01
6.734931774319576903e-01
-4.158767015788703558e-01
-4.663805833726500927e-01
-2.386534003464305664e-01
4.126233509986693138e-02
4.392435428933482156e-01
-3.084205616327320709e-02
7.020111569669237328e-01
-9.339746259684815755e-01
-3.776336664539726717e-01
-5.499443121508584831e-01
3.395584603280729641e-02
-4.159911135068458665e-01
2.871408285543302075e-01
1.000000000000000000e+00
-6.229913346083112424e-01
8.509321341459982202e-01
-1.000000000000000000e+00
9.067200791711256258e-01
9.387861107956526618e-01
3.068123226965315808e-01
3.316217649132103817e-01
-6.247874713029843985e-01
1.000000000000000000e+00
2.685602841300697152e-01
1.713291217105831488e-01
9.128603381920825655e-01
9.310990878648399693e-01
-3.374214154615285399e-01
-3.875148728571546908e-01
2.222019151371757706e-01
1.000000000000000000e+00
-3.511417801896890567e-01
5.144227259393484575e-01
5.032944651897972577e-01
-1.000000000000000000e+00
-8.725989956063479047e-01
9.524642187822369710e-01
1.370027959533829665e-01
5.509685815853808677e-01
-1.000000000000000000e+00
7.872052779591519334e-02
-5.228290954104353183e-01
-4.225375251889781358e-01
7.232098791121894799e-01
-4.851184182276962464e-01
-9.586991662743604703e-01
1.911779231264665591e-01
3.566595465543884735e-01
-5.311104526896656131e-01
-4.754572244683716309e-01
5.872070111469958054e-01
-5.485228552338712316e-01
-5.075409025169949073e-01
6.082442875343728739e-01
-6.424089114313921156e-01
9.036430608374556028e-01
5.530081929199190949e-01
-5.610540415685265625e-01
-8.699400866472511984e-01
9.820936454033999397e-01
-3.443716781185205411e-01
-3.726235091076405825e-01
-4.785939530705241030e-01
-6.125548764417338976e-01
4.920462893603056997e-01
4.525674813135869834e-01
7.840794042790408813e-01
-4.920235556402100530e-01
8.382191162412015728e-02
-3.813300524613135734e-01
8.050979300585938692e-01
-9.202035462849286751e-02
4.015963406030034211e-01
2.468222040351439883e-01
5.502068264692918514e-02
-2.301894675526277578e-01
2.713168770139827157e-01
-2.261787364895064545e-01
-6.575386603581322431e-01
4.099824385765657997e-01
9.422424215399044511e-01
-1.000000000000000000e+00
-1.732270866372595808e-01
-1.000000000000000000e+00
2.528597955404738307e-01
-1.466643479629145541e-02
8.506649647116303337e-01
-2.676232086429801704e-01
-2.838780760515302592e-01
-3.429664983790004507e-01
-6.991219511436112810e-02
-5.409385850281345220e-01
5.549270366414384981e-01
-5.388492673674671884e-01
-4.373933287283385818e-01
3.154964033082007235e-01
-1.199921617245665595e-01
1.205442400288082583e-01
-4.938678877359022890e-01
9.184764545246824063e-01
9.539841600073446504e-01
-1.137205026055930074e-01
-1.579467560132452597e-01
-5.334543501557872380e-01
-7.112166576357853431e-01
-2.930065628233124442e-01
9.355366174668653390e-01
-3.096499412609836077e-01
-1.000000000000000000e+00
-8.352877980778867784e-01
-5.538707339626620652e-01
-1.910625287899598290e-01
-8.105951130294345441e-01
-1.000000000000000000e+00
3.482546965777160719e-01
5.485969539181428933e-01
1.526243977367211235e-01
-5.242074532853656654e-01
-1.096477083322233148e-01
4.428588350093429216e-01
5.267429277788877595e-01
5.454232001342301794e-01
-1.000000000000000000e+00
7.869420638663348067e-01
-2.797354244291606618e-01
-4.017300639136294205e-01
-8.088797523247996946e-01
