8.082894642637064031e-01
3.883012533022914825e-01
7.416491644144289630e-01
3.267123316196212657e-01
8.731202010257057555e-01
-2.859989769168968521e-01
-1.457528226753812828e-01
-5.247066240892560574e-01
-1.818894896683392881e-01
-8.161114185693837952e-02
-2.633899254174274507e-01
2.840725951967140728e-02
1.555251174242684997e-01
-9.304702183429723605e-02
-9.864649203339106442e-01
8.685849652566361989e-01
2.206649329432168738e-01
-8.163972732235433849e-01
-4.564973221248249668e-01
-2.277860310275508227e-01
5.984778812397335140e-02
-5.816330672545733105e-01
2.997919985821934641e-01
-1.269671599905498882e-01
6.946821696398038926e-01
1.000000000000000000e+00
-9.354418320243783613e-01
-3.053861617735946759e-03
-9.999436822446080564e-01
3.536393393872450108e-02
-7.511613752033448055e-01
3.841257554643608962e-01
-5.064732900808496252e-01
-2.675008395292379770e-01
-1.016570022121980887e-01
-2.396372509632008485e-01
9.936275191248791216e-01
2.238407595995093591e-01
-8.678599892514153868e-01
-7.477434777877123295e-01
1.816731390512088540e-01
-4.464479572248357675e-01
-2.551967743230436070e-01
4.111526503857297898e-01
-4.167548873958595163e-02
-7.814755286780269428e-01
4.555359722913476794e-01
8.889327312936878833e-01
9.597426078269508665e-01
-2.754811800324394877e-01
-7.516705633825572219e-01
7.775183629632138604e-01
-4.434623226469062152e-01
3.660893967320935638e-01
-9.474670981906678779e-01
-1.671674990615060197e-01
4.121122849564155810e-02
7.557533295252361061e-01
-9.584305200092279042e-01
-2.512051262258646056e-01
-7.647262963070633468e-01
-7.400436481961658597e-01
2.633809941452569525e-01
1.000000000000000000e+00
8.021437956441734851e-01
6.320386869899061733e-01
2.682148086298988612e-02
-3.590900345107435332e-02
9.522088982898477827e-01
-6.676614572316883489e-01
1.970670034766436318e-02
-3.347419258307496870e-01
-4.901625361083212368e-02
3.912307893260881242e-01
2.293831197963717705e-01
4.269484303159611360e-01
5.632448644031089469e-01
3.368934097617882206e-01
-2.631128464201972772e-01
9.318591509924754046e-01
4.185948088029930458e-01
5.740830513199046692e-02
-2.284456422231352299e-02
-5.490986827119841429e-01
4.167502993230831621e-01
1.776609185814984337e-01
-3.414634840139800787e-01
7.335922394321585660e-01
-1.764045922529869914e-01
4.059914869379144808e-01
2.039725885930830929e-01
-2.392146796120431795e-01
1.048483509771591105e-01
-1.724216194988634210e-01
4.970550591004287422e-01
-2.786618632071131696e-01
-5.171519867590996800e-01
-6.503424978262939415e-01
-9.233563674731277704e-01
-1.615687046244831393e-01
1.435737263979502965e-02
9.456193747400297722e-01
4.562832225000807429e-01
-5.120872646101396475e-01
9.165483617595773236e-01
-3.800695659473423138e-01
6.080699613703399731e-01
-8.183407496246286605e-01
-2.600104760286193750e-01
-4.150703534570081288e-02
-1.563028772403406985e-01
-1.838445558525327872e-01
-4.011268780539265638e-02
-2.703415155227592570e-01
-4.316038081334078180e-01
-2.932282627070862957e-01
-8.790732948113566536e-01
-8.881166037156180693e-01
-8.197461594774777538e-01
-1.133677240666201291e-01
7.834716356657649428e-01
-8.316334659424189368e-01
3.466167533148726831e-01
-7.714215618201738511e-01
-1.708946873462680316e-01
-7.313880000506429724e-01
1.000000000000000000e+00
3.126736784787020884e-02
4.607799683142698166e-01
-1.225302493869195181e-01
6.388335002226089854e-01
-1.680872140170549256e-01
-6.119668067469071771e-01
1.000000000000000000e+00
3.379699993953495796e-02
-9.830546090224381306e-01
-8.558616136247384695e-03
-6.405480115081545467e-01
1.081913892510552033e-01
1.894853884314852688e-01
-1.000000000000000000e+00
8.838077941286566208e-01
-6.398244704903043034e-02
-1.816638192249159234e-01
9.578167075951515841e-01
-4.752248840988583245e-01
-1.952041896696407597e-01
3.509615341136060329e-02
-1.000000000000000000e+00
-7.647012213311690232e-01
1.000000000000000000e+00
-2.269148699926396007e-01
5.383843115811106639e-01
-2.476780670868620193e-01
2.556993280724687567e-01
1.530035436023132189e-01
6.488404640155331221e-03
4.176626126517801740e-01
-5.540745039278067718e-01
2.365528625025693499e-01
-2.801238523745247511e-01
9.880317520645998108e-01
7.648717382280114663e-01
9.478022059877860839e-01
-6.753474008467551526e-01
-7.592951814057153914e-01
-6.164843144685758780e-01
-3.976968158911904361e-01
1.336683364014427389e-01
-9.520282480010801018e-01
-5.390687751825520291e-01
-3.332872793310609483e-01
1.000000000000000000e+00
-8.747133115697531824e-01
7.415762298841847011e-01
-1.000000000000000000e+00
-8.662452114795327063e-01
2.153043207733791320e-01
9.950183966887260478e-01
6.312747886179151946e-01
4.273674547405826862e-01
-6.405448520919007627e-02
3.072543126912284372e-01
-9.375646129673089746e-01
-9.910991714212514792e-01
-3.312196581686372432e-01
-2.004496443685517826e-01
-8.892401824007234445e-01
-9.894315498231056605e-01
-2.841346221108622672e-01
-2.992512629901499244e-01
-5.202212279949340878e-01
8.055138100272259960e-01
3.715460822733381852e-01
3.855250182664451408e-01
3.195108371040054074e-01
3.433407664383505420e-01
7.632771368455449901e-01
1.448168910433427492e-01
-8.907965758766131503e-02
4.077216192689826768e-02
-3.809940991452354098e-01
-8.948941514353121462e-01
-1.978839438278450213e-01
1.000000000000000000e+00
-8.492163358034272580e-01
9.217297439971142148e-02
7.718100267685079618e-01
8.046626616670082832e-01
9.118686242892679594e-01
-1.000000000000000000e+00
-2.621664746948239033e-01
3.678959989427987159e-02
4.764375420943444128e-01
3.577720219548842784e-01
3.322739169808937021e-01
9.295245723652064695e-01
7.225143230540725936e-01
4.482518212560494542e-01
7.848558141741297789e-03
-9.848691827670321697e-01
1.785470595414915262e-01
8.107579856072048841e-02
-9.738870004390869362e-01
-9.531287646147287296e-01
-1.265391849441869776e-01
3.560850527020762435e-01
-6.885127043793108637e-02
1.000000000000000000e+00
1.000000000000000000e+00
3.824359195467031958e-01
-1.000000000000000000e+00
-5.476533531111242858e-01
-1.630519618225534095e-01
-7.477002110897978948e-01
-5.126474220911989566e-01
-1.508636545473756585e-01
-1.287814744002664102e-01
3.720732077259059079e-01
1.501747948986667525e-01
-9.480553375812698080e-01
-7.906428562006848626e-01
-8.456807463427042926e-01
-1.000000000000000000e+00
-2.605572735252060790e-01
-5.919721840673913826e-02
2.147942305505144422e-01
-8.248102192070931871e-01
-4.961645590110120851e-01
6.151571324686204711e-01
1.000000000000000000e+00
-6.188848157472284228e-01
1.000000000000000000e+00
6.848213107837150537e-02
3.698361805080930820e-01
-4.808468013899121207e-02
-5.715022453399178914e-01
2.760410785088981411e-01
8.762462921341651612e-01
-2.231657216423971468e-01
3.749085628316899954e-01
-1.812613534537058646e-01
2.823289748118326670e-01
1.000000000000000000e+00
8.720264184314840961e-01
