6.592519130285350304e-01
1.123310789059558806e-01
8.258950404483326180e-01
3.941657879130872622e-01
9.339345294896375105e-01
-3.733483492446930674e-01
-2.210611074983223068e-01
1.601977032173402538e-01
-1.593491424710657134e-01
-2.480478308288623923e-01
-2.555922681898311621e-01
9.176745507542324876e-02
2.021677053785241873e-01
-2.366176128072433604e-01
-9.954089635589535856e-01
5.798115672119914521e-01
7.367018847473777443e-02
-4.523332065408712799e-01
1.000000000000000000e+00
-4.368296754171996366e-02
5.801966010284850817e-02
-4.637124841814108667e-01
2.877077570640115822e-01
-4.475329681947562421e-02
7.833822902266594779e-02
1.000000000000000000e+00
-8.730964787085794265e-01
-1.910381931996038840e-01
-9.616317683960952101e-01
5.845534630236834395e-02
-2.614728896948094738e-01
1.982146169071503650e-01
-2.900704684117130228e-01
-3.870725853338254918e-01
8.851849965648936891e-01
-8.316207713434327076e-01
4.716011636144933350e-01
2.009807140879624199e-01
-7.010683990397481580e-01
-9.944209304330118293e-01
3.406271994752174681e-01
-5.173613679601327675e-01
-2.247471777271546900e-01
3.010172020870623966e-01
1.444980642884376165e-01
-8.553113652401614919e-01
2.195242801372736530e-01
2.857029365259300402e-01
3.831019585760799817e-01
-2.565516009080727189e-01
-2.894229684452869211e-01
8.423547995711092584e-01
-4.170557446748353048e-01
3.755367555021316139e-01
-6.134279835052708352e-01
-2.065703777144444198e-01
3.884556368912454871e-02
7.587863325837133077e-01
-4.025414794857400391e-01
-2.108504135544711500e-01
-4.843182112868012479e-01
-7.372077458976914466e-01
-2.130542710441607201e-01
8.099792876622374793e-01
1.000000000000000000e+00
5.593485240532355407e-01
-1.043559879042318395e-01
-5.709521740135607010e-02
9.222285906599653194e-01
-5.335965025357785052e-01
1.509730333615320053e-01
-3.448668070887670467e-01
-1.437102164989506048e-01
3.909864528404459194e-01
5.174413551062279071e-01
7.213484662980906847e-01
3.109344414521057476e-01
1.000000000000000000e+00
-2.589024571683249398e-01
1.000000000000000000e+00
5.837482221405007055e-01
3.359969340272810356e-01
-4.769549263080836293e-02
-6.505889943427159983e-01
4.608418692329698252e-01
1.010537227531105448e-01
-3.113487249941813695e-01
1.000000000000000000e+00
-1.486457171102359420e-01
2.731719241324417347e-01
5.530500210880145984e-02
-2.755644535709957932e-01
-2.766130508696075518e-02
-4.750110115919567999e-01
3.361824925224415894e-01
3.558714159684597811e-02
-4.007552934360487651e-01
-5.690429590550872829e-01
-6.263598371140093324e-01
-7.644686647159165682e-02
7.121438147996455026e-01
8.251189372408294087e-01
5.317184695443382125e-01
-3.437819198509146079e-01
8.763391754522502630e-01
-3.665615437764138673e-01
5.127970309919456238e-01
-1.000000000000000000e+00
-2.282228398219084131e-01
-8.379897245750174417e-02
-1.897913547719986271e-01
-3.382886350776969087e-01
-6.901993290673542891e-02
-5.115960828728285947e-02
-5.706056904740910429e-01
-1.666353926892223947e-01
-8.446064546433430520e-01
-7.940068932252459799e-01
1.245479575428944108e-01
-3.484028632872077091e-01
7.137444343408766434e-01
-6.245228028959179944e-01
3.559760508630659404e-01
-4.090492874925065747e-01
-1.026241005543560569e-01
1.821448104390889222e-01
-8.860040610155266172e-02
-7.924847310643998166e-02
4.543429067278014211e-01
-5.649367936247604027e-02
6.101712697295949006e-01
-5.619831299700503990e-01
-7.404904490298113151e-01
1.000000000000000000e+00
6.833278627042076170e-02
-9.479358604735883542e-01
-4.202776952932383431e-02
-4.955200077133317116e-01
1.142613676701567105e-01
1.745971641523154094e-01
-9.905841701238276009e-01
7.961316796593715939e-01
3.771606077583706251e-01
-2.948616794279134146e-01
8.489894621386190332e-01
-5.183374141782497446e-01
-7.686223528637000646e-01
-3.451772810716538520e-02
-6.471424271312895549e-01
-1.000000000000000000e+00
6.491711341414062586e-01
-2.360426997387466141e-01
5.136275094512270378e-01
-3.875013479652452686e-01
1.382144227653877601e-02
9.276514240619032625e-02
-1.774030985229621549e-01
3.124705977753551855e-01
2.579892670619185480e-01
1.262784410025873799e-02
-2.139002481727839133e-01
7.548994178456482906e-01
3.728841416946090392e-01
8.558380579799302890e-01
-7.155571619423111152e-01
-7.914107164223207480e-01
-6.773417870619689030e-01
-4.213404838216369130e-01
2.680350132569447319e-01
-9.880237821015450672e-01
-2.820093484128924910e-01
-3.635372200145965405e-01
1.000000000000000000e+00
-8.524551612096898934e-01
3.643308698406736434e-01
-1.000000000000000000e+00
1.383566742148733819e-01
1.903825306032218279e-01
8.064199013148871664e-01
5.754977367774893882e-01
-2.163594485230990738e-01
3.291034321793644413e-01
2.161964174925354865e-01
-9.360579478643888951e-01
7.788100672171347494e-01
-5.048645711808122938e-01
-2.912546067333373623e-01
-1.000000000000000000e+00
-1.000000000000000000e+00
-1.533546244399091874e-01
-1.433595772946357205e-01
-3.770686490539647551e-01
7.749016971763150741e-01
3.237899922532999075e-01
-5.604849394404484153e-01
1.822168904257867039e-01
3.077160230179640799e-01
3.776550774768482888e-01
1.814456239325373255e-01
-2.487135644709961846e-02
3.319068185103639379e-02
-2.898640212418286399e-01
-8.045086188703811647e-01
-2.786011719031770140e-01
1.000000000000000000e+00
-1.000000000000000000e+00
1.416373303135539108e-01
9.454699231365311096e-01
8.316393063697318233e-01
8.895271132089817012e-01
-1.000000000000000000e+00
-3.764235612420062660e-01
-1.974191511762608126e-02
4.929142369232530352e-01
3.645621719165434982e-01
3.955655738803760535e-01
1.000000000000000000e+00
6.978711538445425688e-01
3.103438709096175141e-01
-2.475363846741235607e-01
-9.866687189378547940e-01
2.483055808734418723e-01
9.767141984698179957e-02
-1.000000000000000000e+00
-4.852092949011114764e-01
-1.265302024023290117e-01
3.651959472767214998e-01
-1.798618159756570634e-01
8.882029579506318662e-01
1.000000000000000000e+00
1.566309736765461036e-01
-1.000000000000000000e+00
-2.959355810906775242e-01
-4.867349011398242054e-01
-1.000000000000000000e+00
-4.647407875460888294e-01
-1.504931426548921924e-01
-1.420666619555576715e-01
8.901404793100048396e-02
1.220682043775384029e-01
-1.000000000000000000e+00
-6.804420852461876557e-01
-8.872679828855544182e-01
-8.113530296978586076e-01
-2.573448230223093214e-01
-8.399467796084240101e-01
1.454581445914671367e-01
-4.115220322846746548e-01
3.716107342177025208e-01
6.317837353413265911e-01
1.000000000000000000e+00
-7.046782190075986385e-01
6.481465512118822492e-01
9.505301086379935871e-02
4.656087958904500668e-01
-9.774159156410687499e-02
-1.704519106524192418e-01
1.873898127929149171e-01
8.509135133518823668e-01
-4.657928420906237155e-01
1.052406702825021689e-01
-5.164624032457256764e-01
4.421747756586509315e-01
8.402167084509438721e-01
8.723210362046950328e-01
