9.769459216083549169e-01
-8.058282975970129103e-01
-5.422100357075813060e-01
6.638398460603942564e-01
-5.396731242721748423e-01
5.242373375524892465e-01
-1.109092397484712361e-01
5.135533958561742107e-01
-7.604303312648708069e-02
7.674243599421878281e-01
-5.310151264388319747e-01
-1.248630950642055648e-01
4.388859093729520211e-01
-7.248009898276036589e-01
7.515440320433914856e-01
-1.000000000000000000e+00
-6.491259240299490640e-01
-5.476159383435069694e-01
-8.233874083650726261e-01
-8.857176283322842902e-02
-1.025604522333772306e-01
5.997916995823299180e-02
1.840996912143140762e-01
-3.449957540039416681e-01
-1.732831598635584114e-02
2.298763278242507424e-01
1.671595851850515846e-01
-3.834488915651409341e-02
1.772530863256607525e-01
1.000000000000000000e+00
-4.186408825056220362e-02
8.076941819837581971e-01
8.670228091693958916e-01
2.398919166628694366e-01
3.488080192363552934e-01
-1.000000000000000000e+00
3.372639427662079692e-01
5.635027894223015865e-01
7.855779321216402877e-01
4.025758615937463647e-02
-1.513346788529118248e-01
-9.093394643971295377e-01
3.205523258777528972e-01
-5.618714985498084458e-01
-6.135884966054659939e-01
-7.253042900884724142e-01
-1.106750671721759283e-01
9.843559951639364591e-01
-1.732188502895611881e-01
-2.847043115478945507e-01
-6.981177598009488117e-01
8.923229466177780012e-01
1.000000000000000000e+00
-5.115335254881401283e-01
-1.377575186722137246e-01
4.132625289720069928e-01
5.360396051482637647e-01
9.180153164557098844e-01
4.474006278458297903e-01
-7.640872477485972647e-01
-2.219996374388326643e-01
-3.405744414555914590e-01
9.991450667507975059e-01
-4.135917700913485096e-01
-4.399472802050256592e-01
-8.604437741227435321e-01
-3.543165049269280664e-01
-2.645322912983822938e-01
-5.748195271268596862e-01
-8.514862778715859282e-01
7.044333204405791582e-01
-8.522830836565135071e-01
-3.981711576243418538e-01
-2.611832572062419144e-01
6.266758811075263669e-01
-5.775306354785542107e-02
-3.734426814884427293e-01
-1.869577871619516052e-01
8.981900598426683091e-01
6.858768420172932645e-01
-5.390099955359604067e-01
-2.867299227681135987e-01
3.910377266664565032e-02
-1.339463983324511442e-01
1.000000000000000000e+00
6.612554856063157516e-01
-6.791920475444614136e-03
-6.922979261838321241e-01
2.108450740926290645e-01
-1.114235459580951437e-01
-9.098332404759403857e-01
1.793297740797184792e-01
5.324177264348730620e-01
-6.089025700157748577e-01
2.903243266661536537e-01
-2.220808173491048768e-02
9.666221416537071343e-02
-6.216735430043409671e-01
-3.205229849737322723e-01
7.836060723745941203e-01
-5.035515581220524339e-01
-1.014706643826368548e-01
-2.219203249254574906e-01
4.391592552969377783e-01
-4.671490414489548604e-02
-2.947592274313878269e-01
3.192080627664494741e-01
-3.159595283301659951e-01
-1.072122891994599925e-01
1.360309213554010133e-01
-2.604606222589493369e-01
9.086652408827622374e-01
-6.755650653340858902e-01
-4.481925810963037216e-01
-1.000000000000000000e+00
4.253472490639589876e-01
1.347245807652536764e-01
7.218485652219401860e-01
-9.459219684307452747e-01
-1.615493009406057667e-01
-1.000000000000000000e+00
-9.184733726130683840e-04
1.943202063231639631e-01
8.049717551401998072e-01
-2.517047839229649697e-01
-7.821517796509380727e-02
-1.507398227575075245e-01
1.000000000000000000e+00
1.539633992424500608e-01
3.063113834519640699e-01
-2.116399225717651156e-01
-6.079125307759510877e-01
2.590442487314477127e-01
-5.181544305759381297e-01
-8.073412541485014415e-02
7.388165775876299746e-01
1.000000000000000000e+00
4.698115986135427413e-02
-7.880445318719979386e-02
4.011216776624826341e-01
5.213901189519176693e-01
4.052886625185859737e-01
-2.715752382191842229e-01
-2.941740532842633260e-01
6.283637026011865689e-01
-2.327350047285136614e-01
6.668296083400861995e-01
-6.310705607086134483e-01
-2.147629663275439083e-01
3.629583649100535103e-01
6.038450516757164488e-01
1.586345777028935755e-02
8.306483766320127415e-02
5.925615429667460132e-01
-1.883193365816676901e-01
5.478239768337114235e-01
5.043431474666077996e-01
5.804718463449616284e-01
-7.267919499860285848e-01
5.963381437207672109e-01
-5.972530776766515892e-01
-6.667374413076396777e-01
-6.758508954386466261e-01
1.640256525320760161e-01
1.533785871624020747e-01
-5.322645648513226746e-01
-4.165990392767977557e-01
3.182819695417844486e-01
1.320197249989218113e-01
3.893962387655083152e-02
1.000000000000000000e+00
-8.057490554140093186e-01
6.974234247111210649e-01
3.577067924347124839e-01
4.750603066005868597e-02
1.000000000000000000e+00
-3.492784522917675716e-01
-2.954307012720746028e-01
2.276401827495578567e-01
-3.960373104860483995e-01
8.602290928393797609e-01
-4.508023461371197249e-01
6.567067429282065216e-01
-8.303553656928012172e-01
-9.824505669995020618e-01
-7.493444094301858482e-02
-9.429725350554857277e-01
6.954474925650493411e-01
-9.898289014214812775e-01
8.738024244189322998e-01
8.959721114497014582e-01
5.346894508293634773e-01
-9.972731870750533023e-01
4.583713938047611069e-01
-2.243287829672065414e-01
-1.000000000000000000e+00
8.138976401187092424e-01
1.227037415972553613e-01
1.706137310363000925e-01
1.108874769164854557e-01
-6.121614414386635783e-01
3.280928373900489359e-03
6.960442979628853055e-02
1.393818059349047345e-02
1.000000000000000000e+00
-8.877808782030274237e-01
-1.320468166677390143e-01
-2.473724048449383595e-01
-1.024172458581661116e-01
4.291311213004912473e-01
-5.012906145026139182e-01
5.465937438733498022e-03
1.043052247239119046e-01
-1.957815847334582471e-01
7.803943171637593990e-01
-4.027479865830915218e-01
-2.996388633359705622e-01
-6.618003383624068148e-01
4.244030138325111667e-01
3.662774520944066525e-01
7.618137303022173845e-02
-2.502760968586864587e-01
-6.454080142126908393e-02
-1.000000000000000000e+00
4.164271070744662850e-01
5.937198272062524373e-02
-5.861508321189365933e-01
4.746248137633014563e-01
-5.391278947428056190e-02
-4.325480206451291498e-01
8.061133357551681922e-01
-5.317187681505011754e-02
-8.011896317490723174e-01
-5.104566585979701809e-01
-3.247003770110753473e-01
-9.866610938038403722e-01
5.840507159270776905e-01
-9.277234031630082756e-01
-6.444751748642183475e-01
3.169917978786694901e-01
1.791281178413077213e-01
-4.277891860038437466e-01
-1.492442446103998954e-01
-9.813587656702664752e-01
6.494012952762724389e-01
-5.601945156054360941e-01
1.000000000000000000e+00
4.503878819811740764e-02
4.356600946985210165e-01
-6.138086753401952311e-01
-7.008804185802404163e-01
4.843935426712549508e-01
9.490989565339866818e-01
8.348209055185108474e-01
4.617053581415448971e-01
1.926402245419723547e-01
3.292428089227611432e-03
-4.664311155882616688e-01
3.560170096406251039e-02
-1.635760399041188973e-01
1.771463306310276931e-01
-7.437701720192279042e-01
1.000000000000000000e+00
6.932154941408085191e-01
7.021607328003973691e-01
