-4.389924031340893262e-01
4.937279463944883595e-01
-8.238122796081644161e-02
-1.000000000000000000e+00
5.314895989843514135e-02
-3.081901245025184255e-01
-8.544223922306426466e-02
2.145795655186579776e-01
-1.000000000000000000e+00
5.081305348900613805e-02
4.751289356019265941e-01
5.266495520908809347e-01
-6.412182192725965901e-01
-5.484392237931623448e-02
-2.565949735834321954e-01
-1.000000000000000000e+00
-2.701733692169673851e-01
1.627434462256459602e-01
-7.064679186866423821e-01
-1.000000000000000000e+00
8.940297168620876533e-01
3.748062679188395308e-01
2.621586339006791722e-01
1.000000000000000000e+00
3.364113088424256492e-01
7.422677278174224513e-01
-1.765126710873816118e-01
1.000000000000000000e+00
-8.734243334696142891e-02
-2.210287351249249077e-01
4.240544308429263221e-01
1.186488823049619834e-01
-1.000000000000000000e+00
6.129205451765405988e-01
-2.425179934195638709e-01
-1.338688017562575938e-01
7.765252708524745806e-01
-7.828471828719041348e-01
6.867106545475045731e-01
1.272668735411732754e-01
-4.041525829165028560e-01
-4.289134721020989582e-01
3.812630559816970743e-01
-3.128933800632581474e-02
2.089670022350441358e-01
-2.499955406231194333e-01
-7.040347379973119768e-01
8.763813081933903293e-01
1.000000000000000000e+00
5.711811161870810061e-01
1.104607345542970576e-01
1.000000000000000000e+00
9.548068350196966536e-01
-4.596924947802320527e-01
-3.948271486071557312e-01
-7.807354033433122620e-01
-4.678668122547928188e-01
-6.169779117320176726e-02
-1.493305394064992353e-01
5.636882453328244669e-01
8.580424546991217705e-01
-5.548320382218641100e-01
-4.533781974452082975e-01
8.865486310318942964e-01
-2.778856815917122303e-01
3.346016684153605425e-01
-9.565980304168134607e-01
-8.253975496415620894e-01
-1.090856071948786976e-02
-7.787163623499646081e-02
-4.906192969919473956e-01
-2.442122944564995568e-01
-1.257655656758198126e-01
5.798025379092961451e-01
-6.860935318724929732e-02
3.954996522687664884e-01
5.024709968930669568e-01
6.679129408883740515e-01
7.332645276109674981e-01
5.035124450751037317e-01
3.447187439447654267e-01
5.007237593523885533e-01
-7.364830177613566065e-01
-2.685864400592803403e-01
-6.600113979793449381e-01
-2.824962041162512039e-01
-5.113183040177230465e-01
-3.528686884053827133e-01
9.388458699912425320e-01
-3.901104735598270867e-01
7.098829064554210144e-03
-4.521090676720939117e-01
3.914709920237242069e-01
-1.000000000000000000e+00
8.155719118041164784e-01
-4.168421394053362095e-01
1.225475342402056883e-02
3.489394484338771418e-01
-1.128310108050055612e-02
2.729856924381058314e-01
6.335278979844056746e-01
5.856523136959794762e-01
-9.095115439493965948e-01
8.083232225344459954e-01
-2.807309772533217451e-01
2.547782690316287013e-01
4.346500521409623619e-01
1.000000000000000000e+00
-5.058060142041760354e-01
1.975871855978027503e-01
-5.257776090661965274e-01
-6.267358450703027772e-01
-6.382958854234820345e-01
-1.329885715994866824e-01
-4.350481997124781147e-02
-7.072290478269348535e-01
-6.596866362547362805e-02
-5.801709524250554528e-01
7.775241284116211071e-01
4.386186206799190523e-02
-2.221125232193058296e-01
1.665702847323035640e-01
-1.843705251856316840e-01
-3.359246114398606320e-01
5.893859177143832007e-01
-8.843152322964413781e-01
-1.411743638747317564e-01
1.000000000000000000e+00
4.773429877931291698e-01
-2.970094780044865712e-01
2.525358562439619092e-01
-9.059290117688346688e-01
-1.000000000000000000e+00
4.659638439155108780e-01
5.015626896327961548e-01
8.941379952820509569e-01
1.137663275645936362e-01
-1.626525860236977539e-01
-7.884937606912557628e-01
-8.667820119950506719e-01
1.203287792885328195e-01
1.552809183571925711e-01
4.435082371397265355e-01
-1.000000000000000000e+00
2.730359644629547500e-01
-3.252933028711052499e-02
4.480304865657014357e-01
1.945196716440105167e-01
8.046457578446383208e-01
-5.731195069329696468e-01
4.658273477032662258e-01
1.000000000000000000e+00
1.000000000000000000e+00
3.235007132961309484e-01
9.532683530991152843e-01
8.212443276350793742e-01
9.098152426191239428e-01
6.097349252886427040e-01
8.226858399567873459e-01
4.333792998985984135e-01
-2.761045560718919933e-01
6.398275606651149250e-01
-6.212268214528655630e-01
4.308874715390096921e-01
1.239839281696317741e-01
7.903713896222577251e-01
-2.253956096123521657e-01
-6.224968283152230164e-01
9.454772576583865273e-01
3.436910075649043939e-02
-1.000000000000000000e+00
-2.590737635499853475e-01
-7.494365395530847573e-01
2.288527102825189674e-01
-7.035668850111282957e-01
1.535162700773175792e-01
4.880715838621707547e-03
-1.296901483262473675e-01
-1.917400528440901530e-01
1.291029250345151480e-01
-9.663513944937278666e-01
4.626708318090662075e-01
-7.389152985162568132e-01
-6.133214987129891327e-01
-3.688065230081783996e-01
-3.927295592783414668e-01
-2.218858728248826462e-01
1.624907027841400176e-01
2.749251817604067560e-01
1.010686384713774810e-01
1.953664759888200653e-01
-1.727671049881435161e-01
-2.768200673548835145e-01
-5.451416713883222576e-01
-5.811746145954406195e-01
-3.011182615629874326e-01
1.799472006846166150e-01
8.142117763346313764e-01
-1.000000000000000000e+00
-1.000000000000000000e+00
-4.000717458889803124e-01
-1.541614250941148456e-01
4.435488090941444028e-01
3.543340343482053179e-01
-2.829683484226271917e-01
4.911987951668889130e-01
-1.616187678485602186e-01
-2.565320841360206883e-01
1.000000000000000000e+00
1.101714746450443150e-01
-1.000000000000000000e+00
-6.982969681635704529e-01
7.050285111687782935e-01
4.189255868383364723e-01
-1.461770181785148337e-01
-1.000000000000000000e+00
9.510882758468658382e-01
-1.545642311383854661e-02
1.144145033275635603e-01
7.372392561050575832e-01
1.432320970750603495e-01
6.925801899383895455e-01
7.116371537283926463e-01
-6.246793145249327495e-01
3.782502438625050534e-01
-2.144024470711731745e-01
-7.989659944497105037e-01
-6.154660085529877200e-01
-3.038336106625511013e-01
-5.285620704062710118e-01
1.000000000000000000e+00
-5.057594479483756844e-01
-1.000000000000000000e+00
-1.272472827795554373e-01
4.785583166776289366e-01
5.879732505333532533e-01
-1.000000000000000000e+00
-2.630741853023774168e-01
3.310375709527838550e-01
-1.000000000000000000e+00
-3.397220119171761588e-01
6.317678787041153265e-01
3.289059362817398635e-01
-3.444172988092722432e-01
-1.000000000000000000e+00
-1.810808529307785242e-01
-4.248904662080820183e-01
1.055048503818902805e-01
-4.232012796151837231e-01
2.966449023466621870e-01
-1.957468514806042226e-01
-3.458219690615614295e-01
7.168032810612388062e-01
2.400780238730669536e-01
-1.000000000000000000e+00
-3.799245010553678470e-01
-2.500720566157272895e-01
1.000000000000000000e+00
-6.641948078846923731e-02
1.420801292134865612e-01
2.608453503465851808e-01
-1.591269270944099534e-01
3.859293752226160001e-01
8.367343128237423322e-01
-3.469061536869575413e-01
