1.105115507624968990e-01
2.940582305831427323e-01
-5.821918867793836050e-01
-5.799757217226580996e-01
-6.012410513810585722e-02
-1.186009637591382893e+00
-7.552338629226064137e-01
-1.280316788159878039e+00
1.752989964698995928e+00
2.036686109275744061e-01
2.672796492854000450e-01
-3.795790241926791375e-02
4.008951801638890311e-01
-2.096449576259128422e-01
2.085012455838787179e-02
-1.292483690954361109e+00
-1.972101640230996544e-01
-4.181933553034296036e-01
-8.172151107714489271e-01
2.658531462710778115e-02
-1.110628347706240221e-01
-1.378492666296342317e-01
9.476032775887005544e-01
2.869626398423804070e-01
6.202807987190124273e-01
-4.472907819520750006e-01
3.572862942647014178e-02
-1.237989096031883451e-01
-5.608952645081293209e-01
1.918179441739921443e-01
1.722783352927181433e+00
3.459708315888079255e-01
-7.972287276354023122e-01
-2.933037783592109052e-02
4.464952377680978524e-01
5.442343816081638419e-01
-8.392697869411338552e-01
-2.560541989839115740e-01
-2.085545978397183919e+00
-2.313418454742196539e-01
1.097609668842805641e+00
3.435417280436277587e-01
-1.101510011558413993e+00
-2.701653949141087918e-01
-4.990633748562162131e-01
-5.303689521482032876e-02
-1.462360532439326566e-01
1.118745395229861606e+00
-5.233750237028618191e-01
-2.659411402534297975e-01
-8.013091776779235342e-01
-3.619333038990599216e-01
3.766655079233889314e-01
-9.753041621144409312e-01
-2.755167738086376494e-01
4.505528231435316777e-01
-8.534235768662116195e-01
2.286872768654631127e-01
1.509651240739746214e+00
-3.825908018334132077e-01
-5.683863602057921405e-01
-6.057864280939240231e-02
7.141383621382559888e-01
-3.396796258014337933e-01
5.738534119517866294e-01
3.669361708216985818e+00
-6.914474296590734648e-01
-2.168038356770660702e-01
9.062163339292231279e-02
2.786286461942488191e-01
-5.551641517596090925e-01
-1.672424581967868473e-03
8.930729187269770275e-01
1.623224054942790928e-01
3.652065141545886295e-02
1.735281808532885828e+00
3.593763463212422682e-01
2.213655476144652523e-01
-1.227745930632553994e+00
-1.157874494447672875e+00
7.610700980240253655e-01
3.158686507586450642e-01
2.311766359866393450e-01
1.268025669200572914e+00
4.133443661317275364e-01
-2.311794981898166679e+00
-3.268521808189939204e-01
4.685492185409041999e-01
-1.724856045477594080e-01
3.825308462066793203e-01
-4.709951251335020572e-01
8.315166863617178272e-01
3.063001383954872536e-01
6.883731069346987752e-01
3.703781714724690421e-01
-1.388909607768259225e+00
-5.098505381608277043e-01
1.347865448946391209e-01
-1.727663447459818480e+00
6.171727636291757246e-01
9.416182151744255380e-02
5.136869012390918865e-01
-2.866769687142481371e-01
3.696602499677154041e-01
3.554388349629087340e-01
7.682018710512863446e-01
-4.560925402068043422e-01
-7.694830720044387729e-01
7.683621140491712076e-01
2.769963550165336907e-01
-1.583241782755105131e-01
3.985862772216267613e-01
-5.910071655295776605e-01
-1.812395107796268556e-01
5.335151197487072450e-01
-5.972580910107228025e-01
6.983416144254313007e-01
6.356514100877741491e-01
1.742238540655099976e-01
-2.055632261860778909e-01
2.245459775861737839e-01
-1.588646405195104361e-01
6.249140137740502032e-01
-4.979992109416409019e-01
-6.173385728514059201e-01
-5.051675652129236083e-01
-3.195004751852346114e-01
-3.943347402791939627e-01
9.961620174235158442e-01
3.714426645709226205e-01
-2.048581473597738345e+00
3.528052321757121652e-03
-1.649886388638680257e-01
5.750037311018522113e-01
8.634386082667487861e-01
-1.016315528489516229e+00
-9.499422056447683893e-01
6.093199680819771924e-01
9.649377985341702768e-01
1.663566718324176019e+00
4.537525396595143978e-01
2.421832260122940839e-01
4.230722911361060046e-01
-3.485427312925708232e-02
-1.366956296357805467e+00
-2.214800878038000187e-01
5.227441408821883462e-01
7.266468588550973884e-01
-2.963126044335699927e-01
1.552351613938215413e+00
-6.360640560400432353e-01
1.069401486147623315e+00
-7.506493414383629270e-01
-1.226623471860846415e+00
-4.585467558581952097e-01
9.326433989354401266e-01
3.765348987816808934e-01
1.489711387410763144e-01
3.678097285744779121e-01
-8.238282191138734945e-01
4.710518658995770380e-01
8.330222410987446757e-01
-2.046311171396471007e-01
4.426829559598362551e-01
-2.041723748867318444e-01
4.031652016405670724e-01
9.303195956115285770e-02
-2.432494362000817922e+00
4.582181969566817559e-01
-5.829794909994407970e-01
-1.058595121799347893e+00
-7.469238725438867021e-01
-4.937726853559533668e-01
-1.223634870068809055e-01
6.093578612984767995e-01
-9.127544059906442242e-02
-1.893871497553365479e-01
3.042227061428680601e-01
-1.045895954276828244e+00
-5.915116570130290796e+00
6.685501285741608790e-02
7.225296400422909215e-01
1.873744399837301566e-01
-1.028097602686401713e+00
7.566752098462821152e-01
6.147163306879225297e-01
1.149916163143811787e-01
4.259716450729032489e-01
-1.084666604161334424e+00
-6.244892378932276333e-01
8.330455510029080024e-01
-1.730529435664405424e+00
1.477390980264621512e-01
-7.309327481740302002e-01
-6.530487089472840623e-01
3.067439195193006340e-01
2.504373996621943599e-01
-1.788718001503288302e-01
7.804645252155827384e-01
-5.198463522182644736e-01
3.035055764194174999e-02
4.239767695604865216e-01
-3.274648644155657706e-01
2.727462184501984188e-01
4.260018639208362212e-01
-2.936405371521251251e-01
3.207956250175844626e-01
7.843700102396026219e-01
8.985557350949762156e-01
-3.838307281536678106e-01
1.220058918367972201e-01
-2.403575655806702571e-01
6.785673340253111085e-01
9.896819160782868718e-02
1.456877726068134482e+00
-1.019689472215635551e+00
-1.168479439211937088e+00
9.905526606531791511e-01
3.611403767640808393e-01
-8.253826965743095156e-01
-7.810138612571208838e-02
2.483056753623640311e+00
-2.192921936022699247e-01
1.491798408710484809e-02
2.713191392677802849e-01
1.057612562597588735e+00
-2.114317461477708271e+00
1.413476320087189819e+00
-1.469391925572739177e-01
1.018768679787106085e-01
-6.344641414268289425e-01
6.843553369743912151e-01
1.378952242947839579e-01
-5.530844316726704069e-01
2.546403527998257754e-01
3.271824623558489131e-01
-7.832551844616576775e-02
8.950880926284042471e-02
1.505232233544733456e+00
3.204313323403962244e-01
-1.306414781318124829e+00
-3.636619072422381915e+00
-5.927584868306261523e-01
1.421481292308072630e+00
1.617467470371060090e-01
-6.442962736085429132e-01
4.092707593077216099e-01
4.965487159675542328e-01
6.969043406461175039e-01
7.077416376912833984e-01
-9.927984386458336974e-02
4.263553980498580032e-01
3.075392124573943509e-01
-1.029333107758617194e+00
1.283857000063738651e-02
-3.047535306255627074e-01
7.875463408368456042e-01
-1.096300172565988440e+00
5.595355356535051256e-02
2.008619718966379863e-01
1.278143076512279208e+00
-6.146159177392460649e-01
4.208554651296243510e-01
2.307974114292664636e-01
8.307316311241765838e-01
