-7.728913500426723426e-02
-2.357634993569630022e-01
-1.103541044369453217e-01
4.094008511724906985e-01
2.165983276364210619e-01
8.689330142676287005e-01
6.837228097303826857e-01
2.684075364931080010e-01
1.682063279701288216e+00
1.149764460859635573e+00
3.883472912839024405e-01
-5.055746317667302314e-01
8.880459674871922504e-02
6.991689468947773212e-02
-9.112493447511551548e-01
2.029358251526368617e-01
-2.939694645791536276e-01
-4.491088888182309669e-01
-4.907156042189783629e-02
-7.248806461606192020e-01
3.641460527569708727e-01
4.312181993032744853e-01
-7.820770676410768729e-01
4.101935454901215472e-01
-9.761175499684859869e-01
-6.726496254590409452e-01
1.600735932950974050e+00
-1.507634515034371514e+00
1.190516372151058544e+00
1.247092243792735367e-01
2.289834699681624897e-01
1.207560832150939845e-01
-1.400167744613476928e-01
-9.689202610693676831e-01
-2.983815131925925401e-01
-3.750822921565369339e-01
-5.359984912066980689e-01
1.893573265219846702e-01
-9.494575940461081887e-01
-4.226425566791032207e-01
-3.441282461488334166e-01
-2.794779132194201154e-01
-3.706918120412190376e-01
-3.097858025318600550e-01
-3.447410779397603875e-01
-3.466230997179907680e-01
-1.389104981475557110e-01
6.866318457284363852e-01
-5.118253227543974049e-01
-7.798969089315659353e-01
3.964548206627391824e-01
-2.762179368646634492e-01
5.045325132418732039e-01
-5.976831883669045942e-01
-1.885622094031195850e+00
-1.522358937717144256e-01
-4.853911601483249516e-01
-3.700345319034927805e-01
-7.111331583824348490e-04
-1.002281924676474700e-01
-8.917452479146019684e-01
6.078325609485923930e-01
-4.638607866570894078e-01
-5.478233071646909647e-03
-9.706076530761074128e-01
-1.176194192222504764e+00
9.374333678999273722e-01
6.793571754786843497e-01
-6.056345812907882875e-01
-4.319120725788102577e-01
-8.627401379950869753e-01
-9.069279995917716164e-01
-1.479362992828806789e+00
-2.910228824967301953e-01
-2.568930675849872003e-01
-2.037401952350620382e-01
1.001246396089262802e+00
-5.285625291768916018e-02
6.396864460997306878e-01
9.089196548332566516e-01
5.098705583165474842e-01
-3.803996376063385476e-01
4.690409305694308584e-01
-6.766375562125641618e-01
6.269429064740065227e-01
4.043752028098229756e-02
4.961372597022057906e-01
-2.344405882520257944e-01
-8.299659632480376192e-01
-2.693518086141157841e-01
2.172807193517359292e-01
2.052744894847517543e+00
5.522931483513813244e-01
-1.703254123422784483e+00
2.168241639044320435e-01
1.395855478746056200e+00
-6.554480834473808137e-01
6.890909312372288653e-01
-9.470031007190979344e-02
-7.149044679173761629e-01
3.702050129904214115e-01
3.150964406124280082e+00
-5.010359431864989943e-02
-7.556686311705991255e-01
-4.269152592302511567e-02
1.394475815053291545e-01
3.816164992690285751e-01
1.858582266759091883e+00
5.351520589323880417e-01
-2.612943652102494019e-01
-6.202987265222514868e-01
-3.574902423011151464e-01
-6.809563661734727713e-01
-3.596139295287714699e-01
1.290887680421036118e-02
3.406125527485734938e-01
8.488606202731141526e-01
-2.339262907347945841e+00
7.034735895845547482e-01
-5.086491636462902033e-01
2.419334888753088553e-01
-1.101554625813453148e-01
1.142141098156015389e+00
8.542741075410600904e-02
-6.590113889913978840e-02
-6.598034493747175766e-01
1.511968261311959605e+00
1.689461834290889031e-01
2.251369466594599911e-01
4.060201139402418447e-01
5.493929717530467993e-01
-1.372050323868125421e+00
-1.311271961583712065e+00
-6.318771395435089921e-01
-9.695549057122483660e-02
7.433050572249835231e-01
5.698168274879513717e-01
7.619810460074011305e-01
-1.054675101654407143e+00
-2.134026944902539524e-01
1.173786334275151777e+00
-1.067747385619411266e-01
-4.297495158310283836e-01
7.221752777648435817e-01
5.746728674658105884e-01
4.603576807424620831e-01
-9.740789926029733703e-01
6.585711389975981711e-02
-2.339978115350677124e-01
8.560233032666297870e-01
-1.902465142043080759e-01
5.961914406980722836e-01
1.960782243706060968e-01
-2.965967102834375924e-01
2.850038205649486622e-01
-2.468042891411486028e-01
7.811232273460066988e-01
-1.007834910718657273e+00
2.384108897640984659e-01
1.150954700434195788e-01
7.958262783432210608e-01
7.437726417473453644e-01
-2.555781255469269375e-01
-1.095960121980912749e+00
-3.882968701245680387e-01
-9.063523904121054131e-02
3.500177218692936409e-01
-7.661217829936264323e-01
5.047096355531692780e-01
-4.591672517969618839e-01
-9.154790224461748505e-01
5.831548282059406674e-01
3.623729372521165004e-01
8.003465159184747213e-02
4.351850955234913831e-01
-8.322254433331024437e-01
-7.377681557366819187e-02
5.895982960838322406e-02
-1.135257737834372449e+00
4.273321119290099945e-01
6.143648407429644909e-01
-1.920796226655432648e-01
-1.030092774174070219e-01
-5.993000106664865267e-01
-4.262443733255706357e-01
-1.132929557301035062e-01
5.006618349389924116e-02
4.255989000232391906e-01
7.812286706373203736e-03
-6.687001067854312364e-01
-1.084276161417776940e+00
4.036012025143587145e-01
1.293886746512872943e+00
-7.284046031829769507e-01
3.839056827350700307e-01
1.456594993495076706e-01
1.458445323342335009e-01
-1.277319124362443326e+00
-8.851400518740665246e-01
-2.239215148386199811e-02
8.621806574839221970e-02
-1.309666496388242063e-01
-4.163271958872614142e-01
5.726505683682905357e-01
2.525069075864755930e-01
2.076311246078145767e-01
1.252288773076526418e+00
-3.513316232098884662e+00
1.118764204898080039e-01
-7.020166703874743952e-01
-1.569342972247865509e-01
2.100842443320179997e-01
1.342904983032571775e-01
1.109215670864316383e+00
-2.672798943232530533e-01
-8.771655969796194885e-01
1.204401754648027900e-01
6.194305785964511202e-01
2.242780504756425319e-02
-9.163284192079824697e-01
9.779568678677887095e-02
-2.822976809025908376e-02
-7.804627268876220825e-01
1.203312568906697855e-01
4.039062142227028973e-01
-2.337556255081059575e+00
4.804057241693657915e-02
-5.608357075465810748e-01
8.260373899124117125e-01
4.645426361831340722e-01
3.602525418144432723e-01
5.000667240535827673e-01
6.841433002458655599e-01
8.274604516026318191e-01
1.065347512061312951e+00
-5.255860680249512251e-01
-2.061723643525937288e-01
4.650721674438483833e-01
1.042159142315855380e+00
8.357991730005145392e-01
-1.113439211238181015e+00
-1.745024185880792444e-01
2.274383290545122782e-01
-6.472919400717724869e-01
7.596848211956607200e-01
-3.926946242290002553e-01
6.677553907452173920e-01
-3.666657092321797817e-01
3.697342674125677631e-01
3.100609732968219179e-01
-1.091040384467282021e+00
-7.826135496122927915e-01
1.575786332824338221e+00
-2.428423837792393902e-01
-7.744958271548487705e-01
4.799016296252418129e-02
-1.484363973060236486e+00
1.948695488478439763e+00
5.009491540616267669e-01
9.246043258648379837e-01
1.226208106969633310e-01
-5.615526168641571392e-01
9.030113493813184400e-01
4.508301121798867772e-01
9.249628806845466844e-01
