-1.971274321885713166e-02
6.552193016093179612e-01
-1.290209345874443470e+00
7.819602377657637327e-01
9.924430861531869930e-01
1.147496686222623907e+00
-2.604384191216198907e+00
-3.094235719456449596e-01
1.120892730143872862e-02
-4.956638617667805669e-01
-9.635166833948699550e-02
3.749846965668051091e-01
-4.476193673667775430e-01
-1.209206477968863408e-01
1.761393374632387876e-01
-6.155525494645924800e-01
6.436111414837433209e-01
6.017938380698816259e-01
5.579582649261585203e-01
-2.914967945564582719e-01
-5.795845027881233458e-01
4.605406973580791208e-01
4.867962003098108559e-01
-7.916748459897056112e-01
-1.003315187893616227e-02
2.723861560488672340e-01
-2.732239382057175675e-02
-6.713676483830974817e-01
-5.269980875987788638e-01
-8.390579170569709699e-01
-5.253332190221438047e-01
-1.717532704225666895e-01
6.531644570419739004e-01
-2.808893991846485028e-01
-1.219752277647184191e-01
-9.552674482435069558e-01
-6.751125448227890402e-01
9.091163692303687593e-01
9.907311423984910270e-01
-2.746466795774545888e-01
7.529096366222202130e-01
2.435292026356741246e-01
-5.069308897987573337e-01
-1.623881222584157014e-01
-7.762787549858136682e-01
-5.247006294031629769e-01
-3.650037333490119829e-01
9.132201282469480930e-01
8.176999846812876838e-02
3.116772008701258478e+00
7.303552500937402492e-01
1.397877305930543823e-01
6.976269586129947298e-01
4.543929346530651281e-01
-6.655627683017235896e-02
8.861062443248711729e-01
-1.014457140012674785e-01
5.062209848332540618e-01
2.578084439029403319e-01
5.997382481978177360e-01
5.385913948294102083e-01
-6.428188067990447951e-01
8.988499728820716905e-01
-1.359460453131753566e+00
-3.010096529319282732e-01
1.186913703043371404e+00
1.613484603027018627e-01
2.453153453484097912e-01
3.691330223743556627e-02
7.529298418992864672e-01
-1.260899246072025581e-01
9.574940633685729008e-01
-9.402634295954337418e-01
-1.291290842810824957e+00
4.496252592642611123e-01
-6.258709815787861785e-01
-6.285625668221310747e-01
-1.153368864786254167e-01
-5.380974855335531881e-01
-1.125492417331529493e-01
-3.086041362580364544e-01
5.824757154441405696e-03
-3.999628383528670006e-01
5.421809703543057912e-01
1.319008299067274056e-02
5.839797615916754170e-01
-2.195085682446798470e-01
1.761648809719782438e-01
6.327424931056012669e-01
-1.260007114238303583e+00
-6.972712696744194361e-01
1.904939989474102313e-01
2.817001787657161249e-01
-1.358262526379858670e+00
-4.364858638711043848e-01
2.238989679185633408e-01
4.551992168878423173e-01
7.791881693887031668e-01
1.652729308558589794e-01
-9.103452011915569297e-01
-1.013222988840348116e+00
-8.915816685330175684e-01
-1.822371046287525956e-02
6.521423151788729999e-01
2.795459599306750476e-01
-8.306712161274105721e-01
3.301386986060169670e-01
4.074247182348088581e-01
-1.901049179272634948e+00
-5.639639923485895157e-01
-1.564840874399852089e-01
9.452598483902938109e-02
-7.720914566664420775e-01
-1.420599447949164151e+00
1.301582707420354534e+00
-8.563424563376756948e-01
-5.102434243716913453e-01
8.853321507609899221e-01
8.166137507457154054e-01
5.660478282378458292e-01
-7.587507694176459649e-01
-5.505595235955783595e-01
-5.630403773856516025e-01
-3.372884839585424399e-01
-1.848957162701105328e-01
2.193333486332188220e-01
2.587207241056453944e-01
6.916625834031880915e-02
-7.348812210803536971e-01
2.012720275617925214e-01
1.846152232961282835e-01
-1.626235045070336671e-01
5.265842397189299806e-01
3.582918523449533099e-01
2.986273347240547826e-01
4.029979006246895423e-01
-1.563383284036720111e-01
-4.914073174132294053e-01
6.795304563648856266e-01
-4.738588301693362759e-01
2.354762718694217716e-01
-3.860711463455832604e-01
7.106705237403896369e-01
-7.202973679579650623e-01
2.011016471893661839e-01
7.572160207050979697e-01
-6.371082255742930300e-01
1.810248988292968986e-01
-5.398927059120836036e-01
1.764906008138254490e-01
-6.567030411053614847e-01
1.165479596655406569e+00
-1.116807483762343622e+00
-6.276362725298867407e-01
8.651306534767434497e-01
8.198937058630828556e-01
-1.833969000559111384e-01
-7.597514332144036930e-02
1.215795237606936752e+00
-7.288264191159278260e-01
5.753024589017959878e-01
-4.675938277982206737e-01
-9.374996558612815889e-01
-3.137752099395336725e-01
-2.877587404426718010e-01
-4.033301112168089508e-01
1.383113619309387365e+00
-3.750283147269491968e-01
3.951330903907248615e-01
1.437631326475266036e-01
-7.818695294521600392e-01
-1.098118588167660281e+00
3.368786737599608894e-01
-4.323665840328836385e-01
9.972228581632933686e-01
-4.003073527630287565e-01
-4.580390847196185583e-02
-7.401981369684883516e-01
-8.491723121852313705e-01
4.232001545756817196e-01
1.753969043317399334e-01
-8.137442997599855232e-01
-4.465582315796851054e-01
-7.514807702990221605e-01
7.231115700868592788e-02
1.049538435545189219e-01
3.431417948883107305e-02
7.786518532426674188e-02
1.308642893826837406e-01
4.696150913303898111e-01
-1.675630369102401929e+00
1.402596786815216157e-01
6.302665127942643775e-01
-8.651701893461102300e-01
-6.505353616116218429e-01
8.432987520164367812e-01
-8.141882550753263281e-01
7.741361928139951498e-01
9.136684631012432778e-01
8.014550681816148270e-01
-3.967452727332418383e-01
2.647930086711872133e-01
-3.392247291890949645e-01
-1.903860768224509559e-01
-1.987509932098837639e-01
6.278556716516930924e-01
-8.809269472519027921e-01
-6.654943190453669333e-01
-2.896798723870543379e-01
6.999618737729025320e-01
-5.760187224078904267e-01
-5.749666792433764106e-01
1.032666800109127703e+00
7.776883530174335535e-01
6.533117399581407359e-01
9.749139828747357961e-02
-5.023204253239614836e-01
-1.202263269514922683e+00
-7.378422430961414369e-01
-2.548761027587420624e-01
3.404650733925727035e-01
-1.261180499112918296e-03
-1.322847019373679212e+00
-8.677639301874601196e-01
2.804680553207508087e-01
-2.763710650702885241e-01
-3.980739830054625950e-01
8.333724195537229873e-01
3.892412312581545741e-01
1.388001114940758118e-01
7.965380409566890155e-03
6.622747243520646920e-01
9.744594600010698660e-01
2.557613328382426013e-02
-9.399704376839644882e-01
-7.826733080422501043e-01
-1.616477878727317075e-01
1.472521759475573511e+00
9.291019641130300322e-01
1.457947612120109149e+00
-1.696070890916597795e-01
-1.445911158661095541e+00
-1.843343894394251503e-01
-5.779935555379063228e-01
7.272909664171581245e-02
-2.376727149463003785e-02
1.200647418550081502e+00
4.845272225679519984e-01
2.131781532637646304e-01
-1.944496567216321692e-01
-4.236244192168922007e-01
1.588386560172256878e+00
2.513291389869593551e-01
-1.883942270718079459e-01
5.895118965106271869e-01
2.673277015097076936e-01
1.085747840083186033e-01
-3.576914393211332310e-01
1.677521877748604506e+00
1.900834346025531252e+00
-7.807535829031665431e-01
2.993913291891089345e-01
-2.131348165433700481e-01
8.926410935252309109e-01
7.777802355756378017e-01
