-2.054127175317089216e-01
-3.328877147879178433e-01
-5.317614755457097386e-01
9.854978443772267616e-01
-4.874176944946621015e-01
1.451829848804292444e-01
3.392263562870077021e-01
1.674027094872625465e-01
6.838437244010064919e-01
1.669062924945427517e-01
-3.126954734904232591e-01
2.979919306180715127e-02
-1.514275715020600363e-02
-6.306698859014132630e-01
6.336541734301686102e-01
2.044382722622038184e-01
4.650253040208855992e-01
9.998704395244288889e-01
1.899745542564273415e-01
1.799685238715663660e-01
2.089527308194665811e-01
2.837685019685078913e-01
2.328495463420771905e-01
-2.802669171159472006e-01
9.351899496672035905e-01
1.000000000000000000e+00
4.575885988285230965e-01
-7.640608332595751895e-01
2.832558178496842327e-01
4.218951730354640883e-01
-6.413001538303263471e-01
3.256476161090182675e-01
5.140154007025921068e-01
-9.623704620322464098e-01
-5.895340157770189160e-01
1.000000000000000000e+00
6.378555161822658803e-01
7.065646532538951696e-01
6.487981912927975880e-01
-4.311359199811893861e-01
-9.550168836497611169e-01
4.733800878536121859e-01
2.833174157438851370e-01
5.571257695713234259e-01
-8.133995337764705624e-01
7.326951309836831072e-01
7.303791722923642649e-01
-9.629119557013984809e-02
-1.363161783962264784e-01
5.656688728128135280e-01
-6.653187563732818610e-01
-5.433523125494661432e-01
-3.614118007554744105e-01
6.661612644019726526e-01
4.203172800111856788e-01
8.573151246454433494e-01
1.781265531377382305e-01
7.788854274222699603e-01
2.142445977111945565e-01
2.751213290178383675e-01
-3.046195937499003858e-01
5.228042849691773020e-01
9.963100063338448109e-01
4.238256579739273500e-01
5.526367856440296267e-01
7.605054756068772848e-02
-6.196898296045449256e-02
-5.598378094812243022e-01
7.327850726339019127e-01
-1.000000000000000000e+00
-6.526032244414576855e-01
1.000000000000000000e+00
9.437971388491095057e-03
1.000000000000000000e+00
-9.987692910598806595e-01
2.011230042832759524e-02
-7.141043618130759052e-01
-3.379700310717875800e-01
-5.551025101919054849e-01
-9.582902290247055643e-02
2.550222689714837232e-01
-4.702822103669167253e-02
1.000000000000000000e+00
3.501267032617780273e-01
9.814451755133236643e-01
-1.797849451067977666e-01
-2.340330251547219076e-01
-3.219782491654951118e-01
-5.033103060805518142e-02
-1.000000000000000000e+00
-5.162641731775527987e-01
-8.049969913553502998e-01
-9.990857065835222484e-01
-6.060831450905908024e-01
1.045638859680843441e-01
9.024001576138976910e-01
-6.592865914778520686e-01
-6.108777649765554374e-01
7.932623144793607972e-01
-5.391383939869598407e-01
-7.725368297105472681e-02
-9.572719744595618863e-02
-3.202025112177961930e-01
6.252827785224579493e-01
1.000000000000000000e+00
6.886689181416175698e-01
3.620513415759368803e-02
-8.670755953866754462e-01
1.019335674575278655e-01
-5.286823666075367578e-01
-6.291450284075605914e-01
9.926277652545623109e-01
-5.579932236339510965e-01
-3.891334817480673336e-01
5.981576500259310203e-01
-3.107009021212200905e-01
-8.553384902127474376e-01
5.199599061125758093e-01
4.119065117052543856e-01
3.662116959199722688e-01
-6.333923947822457379e-01
-8.072859425457621363e-01
-4.788158925324422222e-01
-3.831666747365391479e-01
3.952749760316948691e-01
1.583186499406658010e-01
9.495011143229632467e-01
-5.689935214375242412e-01
-6.089829593711312272e-01
5.493520000206029152e-01
-9.939634865074866710e-01
5.249213401517001110e-01
-1.000000000000000000e+00
-1.748732098129347490e-01
-1.000000000000000000e+00
-2.235768438843555028e-01
-1.705507360198308120e-01
-7.591660457538796924e-01
-3.479112580971410046e-02
-1.000000000000000000e+00
8.885748253214621473e-01
-2.377358747299466724e-01
6.737968054162286613e-01
1.700352899359223180e-01
9.997711211547611887e-01
1.000000000000000000e+00
-8.330333245333050307e-01
1.163471028706244692e-01
7.426470568717465914e-01
5.216084132168217202e-01
9.747329459454457945e-01
-8.267259713784482766e-01
-4.367884210270889245e-01
-6.128169491596909824e-01
-7.331306684921244932e-01
-8.273604043665546692e-01
-4.562017278941985499e-01
-2.961832436898929055e-01
3.531524481956082456e-02
-3.079363579074914647e-02
1.871405544090208317e-01
-2.671568498751492049e-01
4.961845099573534701e-01
-1.689078446893512719e-01
-2.601575553914706185e-01
2.356770256504405747e-01
-7.343604567881727441e-01
-6.726035680447821630e-01
2.861753293351133598e-01
-6.436538975873983270e-01
1.000000000000000000e+00
3.285828319408854448e-01
-6.751763071968129859e-01
4.029909905437541462e-01
-8.274744144086518816e-01
3.052929753619363362e-01
-6.278663138640632191e-01
-3.387350103126073875e-01
-2.296456367169889823e-01
-3.824173199853787564e-01
7.545191264325998848e-01
2.583700588930403219e-01
9.693065562833231841e-01
-2.581747493745579769e-01
-9.993863780717617828e-01
9.680707969318875783e-01
-3.895593656951040762e-01
8.246179548822869521e-01
-3.532197669160563880e-01
-7.594195062465840529e-01
-1.077849343800982296e-01
-9.231629310643498787e-01
6.475096938000021174e-01
-1.000000000000000000e+00
-5.550176556338692890e-01
-6.258931371562532764e-01
5.081008960810698971e-01
9.528331181476433764e-01
-3.754009639328888537e-01
3.549036618115412045e-01
-1.506929679898185714e-01
3.571072312608097321e-01
-2.197074838660147966e-01
-1.201827866407822465e-01
1.000000000000000000e+00
-8.462864210676601662e-01
9.984032252784296180e-01
-3.162786343229211372e-01
-4.644606374343943078e-01
8.026569440623950724e-01
-7.301506325754452131e-01
-3.567285064773014769e-01
2.507212683119786623e-01
1.000000000000000000e+00
4.486111619283882079e-02
-2.935990964696710281e-01
-4.467754982528391317e-01
-1.024878330951631139e-01
-3.632214964181174066e-01
-4.187431125592563363e-01
-8.753406253644704371e-01
8.702372734973132795e-01
2.361667440804808837e-01
-9.577031036345087234e-01
1.000000000000000000e+00
-5.054001595078100317e-01
7.004661867839711009e-01
7.356129220637026567e-01
-3.532453845246029123e-01
-4.678768824945468002e-02
-8.417769181864451777e-01
-7.806974312609991085e-01
-1.891337392794844863e-01
-2.600570898239086270e-01
7.640318138156994010e-01
-2.185513728858448634e-01
1.000000000000000000e+00
-1.355715680085595454e-01
-1.053542356996369223e-01
9.985291547152755909e-01
-2.236351647569940759e-01
-1.915396111021396008e-01
8.966447444567168246e-01
3.278597968882194236e-01
8.335189537262099879e-01
-4.929320267171617975e-01
3.356986946810183170e-01
5.704769045328226262e-01
3.047643134504261497e-01
-2.916803981516157274e-01
-2.302225274835545052e-02
-5.578723271902743530e-01
-1.540260558673144931e-01
-1.947362752871164421e-02
9.429027698628165144e-01
9.702404161691232654e-01
-5.007374164820277418e-01
7.458304321569779738e-01
-1.325118266540508544e-02
-9.621736933767027766e-01
5.131719660145486056e-02
-4.898002343946683546e-01
3.410239559432455270e-01
5.940758650789381701e-01
1.197479816835418098e-01
