-2.568339977080674186e-01
-3.331179267286668022e-01
-5.244512612556690989e-01
9.851352811214083571e-01
-5.027099345803597297e-01
2.072433304826499512e-01
3.113056689215393247e-01
2.596024079885776437e-01
6.766576959174220862e-01
1.557270460069230256e-01
-4.480989586954388648e-01
5.851619686168710310e-02
-1.784797664037265919e-02
-6.574390140402202043e-01
6.922132486204499724e-01
3.360925262452325590e-01
4.565369172722882896e-01
9.856926626873070418e-01
1.682863944518281363e-01
1.579727281945425832e-01
3.226437798424999226e-01
2.955492122483549533e-01
2.443214872237980950e-01
-2.672834253361671131e-01
9.413115714062394446e-01
1.000000000000000000e+00
6.776562589298616990e-01
-7.578072756855651626e-01
3.114801366109695158e-01
4.378412508421702931e-01
-6.302863560182325742e-01
2.802595226259012584e-01
4.315522807739811118e-01
-1.000000000000000000e+00
-6.032336863783201997e-01
1.000000000000000000e+00
6.619299633663576765e-01
9.693186373209450313e-01
6.543920288369582394e-01
-4.326688668087509959e-01
-9.250436629060079241e-01
2.996782223448563043e-01
8.329018974220763205e-01
5.469642401256370468e-01
-1.000000000000000000e+00
7.323282622596469782e-01
7.100545060996906743e-01
-9.888593750274110583e-02
-1.018479986468183163e-01
5.952485358881611788e-01
-6.089222565814612631e-01
-5.216328141470826241e-01
-4.322522451968747181e-01
6.329075018046976808e-01
4.452128816198948069e-01
8.270683508031311248e-01
9.968210833314940233e-02
7.944235759321520707e-01
2.135820857202097578e-01
2.682051065984270566e-01
-1.540382755008728455e-01
5.480292108045049515e-01
1.000000000000000000e+00
4.083983186625669282e-01
6.424294364180689332e-01
1.281295467285744338e-01
-5.991621315801656800e-02
-4.808785735466061806e-01
7.447956175416292623e-01
-9.637331279965926090e-01
-6.283371565794809710e-01
1.000000000000000000e+00
-1.688689176750408222e-02
9.985599359407031361e-01
-1.000000000000000000e+00
2.581587430713541340e-02
-7.162766134530912376e-01
-5.343842799455419401e-01
-5.870825137669621885e-01
-1.010495616499731686e-01
2.663009051728120191e-01
-4.669774239956603346e-02
1.000000000000000000e+00
3.228542220348329939e-01
9.937772554087989096e-01
-1.768689156836732446e-01
-2.706590648252181208e-01
-2.516454243912025213e-01
-9.200064321704112119e-03
-1.000000000000000000e+00
-5.072475176766739757e-01
-7.899176331874359080e-01
-9.992841535842118539e-01
-5.909264763911714624e-01
1.028900572212102099e-01
8.221243662533944674e-01
-6.686577174670470525e-01
-5.801333750881929596e-01
7.910159755290933070e-01
-5.120431309814102994e-01
-4.399815516044869312e-02
9.652112720303317878e-03
-3.473814016522245862e-01
5.691723995821460491e-01
1.000000000000000000e+00
6.342887093187024039e-01
4.741468375927649498e-02
-8.522518331020656479e-01
1.529142903637268069e-01
-5.016824166415294606e-01
-5.830948932677174623e-01
9.820616362234421137e-01
-5.763391408851903375e-01
-4.344277129897102241e-01
5.491936656812179685e-01
-3.078969531529798243e-01
-8.494236431432139467e-01
5.191989637943964508e-01
3.697818909967309220e-01
3.552922174842418901e-01
-6.326957770659981106e-01
-8.187388830660191630e-01
-5.441318164666414381e-01
-2.709522189019874516e-01
4.254856757932210520e-01
1.524406118470316152e-01
9.549342843012889048e-01
-5.598998626806095391e-01
-7.788284861171616003e-01
7.320504214026902767e-01
-9.948401205901877820e-01
4.811808549613006969e-01
-9.899556695601280376e-01
-1.433166465741050333e-01
-1.000000000000000000e+00
-3.044217613696799107e-01
-1.792518578520924666e-01
-7.610609220049535661e-01
-1.656820437218595177e-02
-9.975380473178884211e-01
-5.128962183054144308e-01
-2.326335459423077012e-01
6.670733497626072372e-01
1.462358687854379002e-01
1.000000000000000000e+00
1.000000000000000000e+00
-8.329375910022979168e-01
1.153726580589069101e-01
7.573772129297153821e-01
-1.732887014367089640e-01
1.000000000000000000e+00
-5.751005764775478646e-01
-4.781705585682307635e-01
-6.110016974190028982e-01
-3.685700645578252610e-01
-9.040105815863930250e-01
-5.030870112972334329e-01
-3.360134525531710548e-01
9.527092039313671268e-03
-2.952286661636704945e-02
2.200916165788004419e-01
-2.602478989112314012e-01
4.818128221139449385e-01
2.668109084443815449e-01
-2.537433426552293536e-01
2.023422093295781377e-01
-7.264711707119999584e-01
-6.768845819921357476e-01
2.936242552481995727e-01
-5.520462396368684965e-01
1.000000000000000000e+00
3.132908890029624249e-01
-5.454691675450711319e-01
4.017148655743331687e-01
-7.816374243330099780e-01
3.059091774131106889e-01
-6.243592362644267979e-01
-2.340161206161524843e-01
-2.065428622031752481e-01
-3.595244632639860161e-01
7.028953855714720200e-01
2.293280155888745009e-01
9.679363351095805479e-01
-2.252053081505437371e-01
-1.000000000000000000e+00
9.692825765355480572e-01
-5.564646496539001896e-01
7.375555219242250216e-01
-3.758167061570980572e-01
-8.667889850274566044e-01
-1.198296141250006219e-01
-9.251922386599997772e-01
6.433104302575199940e-01
-1.000000000000000000e+00
-5.663145030109795197e-01
-6.723796572071463196e-01
5.200841541103613519e-01
9.348952846283548057e-01
-3.728120353221734962e-01
3.746153920133734605e-01
-1.717887196245964365e-01
3.207327036174393298e-01
-4.024650566822448039e-01
2.796025277146656218e-02
1.000000000000000000e+00
-2.768539621396350348e-01
1.000000000000000000e+00
-2.212531747734179932e-01
-5.465881455462139327e-01
7.961974965415080652e-01
-7.207043505152336271e-01
-3.595645028807813448e-01
2.256833540703133412e-01
1.000000000000000000e+00
5.893047141534903804e-02
-2.911005538819695371e-01
-4.394525490459679218e-01
-5.894452902729176158e-02
-3.684471675120573053e-01
-4.102058628350396807e-01
-8.984669852599567186e-01
7.571064325098031400e-01
2.064109934710000593e-01
-1.000000000000000000e+00
1.000000000000000000e+00
-5.433958131316427576e-01
6.116792894551332793e-01
7.589600595346852607e-01
-3.517683967696750846e-01
-6.641638190512792750e-02
-8.343474524626888211e-01
-7.373403985593208754e-01
-2.077684222435188521e-01
-2.928810064085722309e-01
7.209458727370975373e-01
-2.488907537619153010e-01
9.982174181722015538e-01
-1.468662515973107596e-01
-9.258797708828858664e-02
1.000000000000000000e+00
-2.141943860272364775e-01
-1.768798868956774906e-01
9.151695426981644177e-01
3.164956845587766909e-01
8.455111474434551244e-01
-4.704613539463879945e-01
3.360948837337220940e-01
5.822291788404344581e-01
4.166765675521156842e-01
-3.528104410718428952e-01
-2.935274333651227002e-02
-5.619635713766106822e-01
-1.108445008752584476e-01
-2.093302329769557851e-02
9.391284472654730653e-01
1.000000000000000000e+00
-5.327383844548037040e-01
8.255771824973864303e-01
-1.391341684945781310e-01
-8.519415286791767183e-01
2.779187865916749392e-02
-5.960413791417729090e-01
3.392477250907308672e-01
5.582466084154855679e-01
1.330190141367726120e-01
