-9.505601702120175522e-01
5.391631207028968475e-02
-2.193202772685262314e+00
2.136235413538146943e+00
-1.465698658341346439e-01
3.032707282612514543e-01
1.825302981543067971e-01
1.778078472198096005e+00
3.110405146373432794e-01
-5.793780384397603234e-01
-5.005067821059763222e-01
9.263164321278624103e-01
1.827893093718483630e+00
-1.804567946614904717e+00
9.647079751422127369e-01
5.058271692129163721e-01
2.466135810212417567e-01
-3.557232224492100636e-01
-3.374687731720025785e-01
-9.742397372066628591e+00
-5.262995805809488337e-01
-8.456566398517983973e-01
1.403683188214662758e-01
-3.445533935912930001e-01
-1.140857491062144735e+00
-3.541731753836350333e-02
5.126126848014702642e-01
1.334941993066125487e-01
-5.794344012816314837e-01
1.040924023617812333e+00
-3.694496596347017103e+00
-1.091463710248636199e+00
-1.946525698988710862e-01
1.357773517789901296e+00
4.209970642606133961e-01
8.613814701646029803e-01
5.064748349394149196e-01
1.125566467217454930e-01
1.767395497227303158e-01
-4.952411231232992095e-02
9.143873102168134093e-01
1.550811546454526457e+00
-1.309281853780639160e-01
2.249673787091147403e+00
1.712821543804377455e+00
-2.359945855145139104e-01
-2.647886323039758127e-02
1.752014890344673503e+00
2.710156148946237797e-01
-3.246057423356046301e-01
7.400728235593704296e-01
-6.373855493260036642e-01
3.314144271638270189e-01
2.448782695105906904e-03
-3.149646869130739546e+00
-2.960289497906388068e+00
-4.078401348140250349e-01
1.898213101093261024e+00
2.715884366664735872e+00
1.234869771364437430e+00
1.523166849829444280e-01
-2.944082970868692861e+00
4.166766807158055475e-01
1.117375084213910963e+00
-1.616623024082378679e-01
-2.041664942567979479e-01
1.229841962404728761e+00
2.232514091918319232e-01
-5.543161312807172170e-01
-3.701610741367282742e-01
6.370066552457113174e-01
-1.053133452382192470e+00
-3.624960203770038469e-01
-2.686359569333314212e-01
1.156214784277401098e+00
-3.794171003283604016e-01
-5.679588332387456306e-01
-1.416106146535132115e+00
1.322755413145386250e+00
-7.200795411801981238e-01
-3.297684743502037330e-01
-3.374205545102594295e-01
2.551038967476929042e-01
-1.522401981594600218e-01
4.093784819741886905e-01
6.213021704287936542e-01
9.419238986289647508e-01
-2.068975149219253407e+00
1.445968675600468878e-01
-1.124411679469777825e+00
2.380489516669176409e-01
3.501373366932178932e-01
-4.303111838977588532e-02
-2.113687023052880143e+00
-9.396957070394446054e-01
1.794011679092893496e+00
-1.145181276652837532e+00
8.351816001734010397e-01
-4.710427160370591615e-01
-1.940576578343556680e+00
-1.064734906779350343e+00
5.701485110041427662e-01
-6.087438657005066478e-01
1.682848154386748174e+00
2.845755171207436929e-01
-9.751906710688594548e-02
-4.190240052144642569e-01
7.359475514566171661e-02
-1.164923931577372285e+00
1.187825413804635133e+00
7.500182050814546697e-01
-1.824179706672411694e+00
2.645345927392969143e-01
5.435855048307598469e-01
7.804143000142063080e-01
1.076091531498124948e-01
-1.776059561306725654e-01
-4.231586650755907897e+00
-1.396933144649943870e+01
2.066561450114410767e-02
-6.939152358346939442e-01
-1.641635631805861362e+00
2.001702004310213390e+00
-3.860989798120256777e-01
-3.562839312127981994e+00
1.035769797037350420e-01
-2.302460924543200949e-01
7.713802666515188200e-01
3.273213810248790656e-01
4.801924782267425584e+00
-4.377677447931124788e-02
1.562708491382616804e+00
1.096762293539757627e+00
4.449358942656149729e-01
-2.424455916536846778e-01
1.043626296867896652e+00
-1.086240733571079420e-01
2.402927788216559168e+00
-6.864985807940957030e-02
4.836914836118110905e+00
-5.554094520650034728e-01
-8.244947789587159237e-01
-2.130168712844557000e+00
5.053294193651169941e-01
3.328218462343590089e-01
1.118087028812058792e+00
2.086841004187603321e+00
-3.129888864437179730e-01
-1.708942875978928688e+00
-5.617142874036826772e-01
-9.589948891582851243e-01
-3.368318432879093827e-01
3.210891543733466413e+00
2.095876970305916853e-01
4.583066706497014864e-01
-7.199995369989789396e+00
-6.800504147662080889e-01
-1.231723380855225258e+00
2.179308806285014666e-01
5.283423657100010384e-01
1.028752186440844429e-01
-3.350721628845416689e-01
2.307619334565650937e-01
-1.430616567463420363e+00
2.289736416997812274e+00
-4.319480555148614842e-01
1.170708154335101114e-02
1.369417030710454952e+00
2.491952405747342447e-01
2.248930292411918774e+00
-2.151611982748590779e-01
8.138768343770591551e-01
1.060844505366916879e+00
-1.698630690923936815e-01
1.773154012070914609e+00
-2.164343730743377436e-01
-2.330286391313489691e+00
1.743220538933785702e-01
-9.398825090808008431e-01
-8.786266893945504641e-02
4.136034799517879224e-02
-2.551932722776627527e-01
-1.702745563369396642e+00
-7.644704269332599500e-01
5.573976799758503242e-01
-3.853216740178470601e-01
-6.674327924960766767e-01
1.444897157929056486e-01
1.200767651142631065e+00
-1.981912460179481084e+00
-8.813056001818737606e-01
1.152207395225516517e+00
-8.018988781774744057e-01
2.604520103169291723e+00
1.624042947857065877e-01
-2.207497404984079536e-01
3.211613912086394240e+00
-5.316844657565762411e-01
-1.992788037650539412e-01
-2.248438874650483116e-02
7.356405503458069983e-01
2.231964525618848616e-01
-3.862134603833724977e+00
1.380371511043918087e+00
7.249169913985701319e-01
5.289250440712840451e-01
-2.466801926710656012e+00
1.917796646016740603e-01
-9.717638534605326228e-01
6.565870021380357802e-01
-3.829231251778951739e-01
-1.125040887239653120e+00
5.407165268185238904e-01
1.722777936381951536e+00
3.423268097050769510e-01
1.199951349420528945e+00
-6.002533784290766228e+00
-1.509336097101916796e-03
6.547257017778552735e-01
1.010102604371830193e+00
2.102581488265714005e-01
-9.160805935928038046e-01
4.892065907728216922e-01
5.478003853348150098e-01
9.938590992561897597e-01
-4.311347184760557227e-01
2.160236214249215692e-01
-4.814833263230481886e-01
-2.633899563362457341e-01
-5.512803919403983510e-01
-2.366941975978646084e+00
6.585119732586344199e-01
5.032660372639857771e-01
-6.131537100667223683e-01
-1.009888264377164280e+00
-1.998541389159728565e+00
7.606763363268761458e-01
4.426615097834207813e-02
8.575403106090065952e-01
1.631787674579407099e+00
-1.366385100881432058e+00
5.181444310639284900e-01
-3.594066266511427576e-01
4.048050854224324868e-01
1.658278267157890618e+00
-1.050853648389654116e-01
1.161925559035353661e+00
-1.854370742647322989e-01
4.012216010767534757e-01
-8.628692361048595494e-01
-4.602368865553915778e-01
-9.729170594712193143e-01
5.326350293675303771e-01
5.838467462384622220e-01
3.382927817521667602e-01
1.727585137863055509e-01
-1.069009286716169127e+00
2.107897925592307153e+00
-3.637459711108258498e-01
-1.422588052704418238e-02
4.702683505940215003e-01
-3.868647350944384167e-01
-4.427146044047376994e-01
-1.201916955119926578e-01
1.269479940373886784e+00
