1.661980875383636924e+00
9.408917839834738395e-01
1.207570667911509688e+00
-5.458618750563901667e-01
4.973505368630250500e-01
2.740373100501076742e-01
-2.628247214718018032e+00
1.293379247395143983e+00
-1.650427705591662519e+00
1.064352707631514683e+00
-2.193068824937438044e-01
-6.647555740198853869e-01
1.976286566303999126e-01
-1.665034913322332777e+00
-1.187494131007031273e+00
-7.826363192477187036e-01
-2.067371004679063595e-01
-4.574851574818136757e-01
-1.878094028624524847e-01
-7.630377081814683216e-01
1.252133657409053136e+00
1.591914385647924313e+00
-7.620311933317036601e-01
1.185672474736882698e-01
-4.413530254585105728e-01
1.051318558582646778e-01
-8.770432851100011529e-03
2.234424233220798639e-01
1.573080538374959980e+00
2.547832650463501269e-01
1.167462582482653666e+00
7.827355392995717365e-01
-3.415073850004236022e-01
-7.565931979661660867e-01
-3.539454544294244887e-01
1.360950536189243110e+00
1.226183755605178283e-01
1.255174428649163731e+00
-1.196596645124796909e+00
7.605747472732052872e-01
-3.692452873880646136e-01
-6.530307403743395023e-01
-1.114470092464657780e-01
-2.529529434905858909e-01
1.872535780398054905e+00
3.211536628405860516e-01
-1.058093069057212565e+00
1.766308422678598555e+00
5.252748641940565122e+00
1.572066779876032938e-01
2.817239199328981647e-02
9.725442979696831136e-01
3.557412336546561527e-01
-2.783387287155996703e-01
1.105470922796882638e+00
-4.520239797927930181e-02
-7.820060568897158060e-01
3.390837651017233334e-01
-6.696972324649029806e-01
-3.278023492830492436e-01
1.569732243479071254e+00
-1.545001284536698938e-01
-6.349116747701581964e-01
1.164499316089888881e+00
1.033467843201005376e+00
5.761041788544870590e-01
-3.624287599755274258e-01
7.680812211685070778e-01
-1.520933577396024639e+00
-9.437346294104956845e-01
1.044539614312933073e+00
-5.298772408513152676e-01
-9.785846649814332610e-01
-3.246880982053020892e-01
-4.124795624450976028e+00
1.405242094905054528e-01
-7.033226095270180001e-02
1.021498160194179716e+00
-6.545088907555423052e-01
-5.479903836092161473e-01
1.606528668014652883e+00
1.303867422459499201e-02
6.541041486463511356e-01
-1.925801426064429611e-01
-3.761016965063442630e+00
-6.652046754593688993e-01
-1.120715345372926608e+00
-1.195311007154257199e+00
9.427761515374377677e-01
-5.151907751423576265e+00
-2.103964096509758630e-01
4.427100478346004953e-02
-2.960316582430827514e-01
-1.092570772433842929e+00
7.572061886946922504e-01
-6.089839103962924050e-02
1.064018463699709927e-01
2.881493665638117374e-01
6.528881707932925327e-01
-8.682533152497127205e-01
-1.761282051159228923e-01
-4.553185678322797525e-01
9.127343720221738899e-01
-3.053876751670671075e-01
-4.101895476013656117e-01
5.048647357233366773e-01
5.923207693667162932e-01
-5.821294647763639585e-01
-2.905503425044934640e-01
-7.178261934272780476e-01
-1.216424470820250736e+00
-1.099387687246072165e+00
-1.722115906045012190e+00
-8.765325380712889469e-01
-5.505496644605012424e-01
-2.222798662060808117e-01
1.701769413652036433e-02
5.302174269442175847e-01
-2.583350960748561853e+00
8.697436871276492676e-01
-2.299382491918207538e+00
3.645676033231307400e+00
7.269770114350904144e-01
-9.238752370628532384e-01
-1.447001563058982310e+00
5.549316393761692667e-02
1.201677834906330400e+00
-8.790387605965500617e-01
6.689070866697599538e-01
3.601485809589538789e+00
1.920078480799265463e-01
-7.484930767971094134e-01
-2.727224077602408148e-01
-1.877604603061991395e-02
5.780586338531561452e-01
1.253635294269411782e+00
9.926006575135771781e-01
-4.668106927565351949e-01
-4.271738267237757403e-01
-1.168371874842340841e+00
9.133319679718744366e-01
-6.730833470507071592e-01
-1.200907186765758583e+00
-1.910558040160903026e+00
-3.139500042587928252e-01
-1.001086691739278001e+00
6.786193291424228446e-01
-4.231501241592534601e-01
1.167908986012063721e+00
3.556323326582196964e-01
3.756929619218006278e-01
5.588775546616705503e-01
1.985950021723191794e-01
-3.520457004136281043e+00
6.160951755515129413e-01
-7.162080785448883269e-01
-4.828449104167115702e-01
-1.135613860489615323e+00
2.280331607961038731e+00
-2.690769383483906374e-01
1.526186457747543468e+00
-6.878741317370224984e-01
5.921842551590207615e-02
5.092415120301092557e-01
-1.962705462517281285e-01
-5.885445343742317093e-01
2.332651040208688631e-01
3.715226417329756115e-01
-1.056688902676055364e-01
6.378642714302764638e-01
-5.397208897492761226e-02
-1.980752774748835154e+00
-5.602008375543118812e-02
-4.317508607314129998e-01
-5.647234909716478679e-01
3.358878401654485923e-01
-3.847237752866620397e+00
-1.254617459652434541e-01
7.110198219585901480e-01
-8.706045077488555606e-02
2.496969959365611114e-01
-4.731347537220487176e-01
-1.240654156495292426e+00
9.305214483135758607e-01
-5.524338987334188600e-01
3.955713365305408846e-01
-8.467253366858688013e-01
-1.006419138552508308e+00
6.209565953962169205e-02
3.689012632424882865e-01
-7.139917075476622799e-01
3.130070637815285384e-01
2.751138600825217551e-01
1.705503177104701562e+00
2.748587566912211733e-01
-2.444387195030997550e-01
-5.581144307678053140e-01
-1.890579855945442311e-01
-8.781410472331976358e-01
2.126795593286016750e+00
6.235489587606566353e-01
7.001325539033936840e-01
1.094320173803865037e+00
-2.902679205200660473e+00
8.497129634423884470e-01
-5.278155533073694006e-01
1.494023496719196986e+00
1.107819954411768948e-01
1.509044242096447830e+00
-3.815677359518855338e-01
-3.622740550099649015e-01
5.377817653851953983e-01
2.668793500666571950e-01
7.726075562396372831e-01
1.787587129039920342e-01
-3.318850778397560153e-01
1.382434817634503044e-01
1.155750214660851372e+00
1.151303193031574627e-02
9.662831025968812715e-02
4.177724025433509070e-01
-1.195247177154386553e-01
1.520350986835221629e+00
4.857319264288827987e-01
9.985453728584066102e-01
4.599724783085790136e-01
-8.673469200714042926e-02
-2.465539526594960895e-01
-2.777377557462227253e-01
-9.711486432602915997e-01
1.972491492194277940e-01
4.273081798635279815e-01
-1.343631739086474708e+00
-6.257163763118199495e-02
-4.649707970979664040e-01
1.035998596099203528e+00
-2.024037277283610714e-01
-2.149804098546683195e-01
-5.927440640186584231e-01
7.067829921533024251e-01
-1.395885715538761618e-01
1.272423305925269199e+00
4.548385430068327406e-02
1.168220031309367801e+00
-2.332624243173753512e-02
-4.780716294870737126e-01
4.547622110752213009e-01
1.201677807707189682e+00
3.414711819130612502e-01
2.499257672849716783e-01
5.036273274435579816e-01
-9.515032646738761368e-01
4.057702122379891474e-01
9.802204057252977831e-02
1.007266188374457361e+00
-2.853036174446694773e-01
-3.433852114501988462e-01
1.404292977064633297e+00
9.504111767717629000e-01
9.507635654058763652e-01
-1.033226115811867407e+00
-1.013272576238350986e+00
5.242328858540581393e-01
3.700838954190684982e-01
-1.084902995470486742e+00
