2.434689800585671193e+00
1.284689336644073254e+00
-8.089696678549185282e-01
2.628980319847471492e-01
-1.340754710518277548e+00
1.571204977397788194e-01
1.950231676825597282e-01
1.412535809766283790e-01
1.155184311130601049e+00
3.343099402139755871e-01
-2.287174492171457185e+00
-9.109100360339339453e-02
5.052288309282102485e-01
1.500023792227641817e+00
-1.739781480327823870e-01
3.037720765508195031e-01
-1.170380295774120227e-01
8.356828004366376739e-01
1.783111291783743280e-01
-5.754798635172009291e-01
1.846832429184807722e+00
1.978034406642219245e-01
2.863795875122771006e-01
2.304315251677939713e+00
-1.419233374887840959e+00
3.361497212430815118e-01
3.387225569351030030e-01
4.537983479344209758e-01
-2.345043601527309063e-01
1.069515396471522051e-01
-3.663953618883224461e-01
2.276370121437774896e-01
1.680341991825796466e+00
-5.891410433931367763e-01
1.677991329822726918e+00
6.210102120006531085e-02
-1.586860100243634442e+00
2.849953516949863541e-01
-5.800746677788877481e-02
6.467540435747105576e-01
-2.456297213320755013e-01
-2.715970920344370487e-01
-1.096140378740670718e+00
9.528638842036589729e-01
1.069171932517615220e+00
8.731905731917496971e-02
-1.446413144379462334e+00
-1.376147215943145596e+00
1.513666928098919229e+00
-8.907660827633907541e-01
4.815386791812428235e-01
-9.075763990345209198e-01
-5.369523111679787020e-01
-2.979121370224372400e-01
1.807733099983671321e-01
-7.328520546138747038e-01
3.040654623246209498e-01
2.336338116368345208e+00
7.884801870863455964e-01
1.298722713333245182e-01
-1.141892676131264883e+00
7.597896203744622934e-01
-2.656599356241023599e-02
1.349982218216299601e-01
1.984894855706575423e-01
-1.130384978852907452e+00
-1.636361174380036032e-01
-1.084794793521160816e+00
4.124080204411539885e-01
-7.629980673503082844e-01
2.027450658604902589e+00
2.775182658216556741e-01
-6.576777450725308505e-01
8.731816682250590489e-01
-2.168358284787847978e+00
-6.653943156661423775e-01
6.119705918726867644e-01
3.203006572246341221e+00
-8.426585424993209283e-01
8.720603961769665680e-02
-3.855709907728197550e-01
1.351136776934795947e+00
4.968193752396872220e-01
-1.861107567280889441e+00
-4.102366218638592299e-01
1.123830689716606157e-01
-5.230856226917512952e-01
-8.678760420807365983e-02
5.458284842278948723e-01
-2.131893969923713161e+00
9.754851148989893139e-02
-1.356619151186962746e+00
-2.166530580410637175e-01
1.154818183229627149e+00
2.620929467631494814e-01
2.395060323105616007e+00
3.267073043138210009e-01
1.098165230523100722e-01
5.443874024623771568e-01
-1.135291403934906296e-01
-4.554008379919139426e-01
8.041096982265629745e-01
-1.277817588129054327e-01
-2.274440482566481569e-01
1.791678915612754164e+00
1.558425204119023300e-01
5.992607216772358747e-01
9.099911242309350889e-01
-8.651980943132399071e-01
-1.675766845044727726e-01
1.282030585495789188e+00
4.496303532566127137e-01
3.509564900363783962e-02
-1.808854308085558749e-01
2.332640286856072498e-01
-1.753040047735892615e-01
6.486143332569442865e-01
8.995797363586943707e-01
3.729265961977110688e-01
-7.132670284071263023e-01
1.165391728885809108e+00
-6.618280405635899033e-01
4.899602800980276118e-01
3.574450960559423240e-01
-9.510610173779482368e-01
5.081859907796842935e-01
-2.194756937031973609e-01
3.273145470351715769e+00
-8.867157235658493786e-01
-2.409828481837626712e-01
4.591645564954788261e-01
2.240183197670775783e+00
-1.461745912128557867e+00
6.974042646831926096e-01
1.131712550754401914e+00
7.634108932540852877e-01
-5.090902584181805635e-01
4.545166629865851626e-02
-3.816671214312807314e-01
-2.806391196209952810e+00
-1.462203253305912609e-01
-6.720730622144873712e-01
9.848616552048232720e-01
-2.192901433934201783e-01
3.859641824058991366e-01
-4.997931935448206575e-01
4.603577439021222517e-02
-3.102889873803882370e-01
7.326544501677831334e-02
8.078928717935973669e-01
8.091189506763031558e-02
1.980993249136982604e+00
-3.553224659684781628e-01
8.330984344741199088e-01
1.426468341882946689e+00
6.123831518311976252e-01
-5.835647366790464030e-01
-4.128204561806421702e-01
-1.167407066688896933e+00
4.730942035673979529e-01
-8.146644913056009241e-01
-1.190533212913502531e-01
9.169155888411968380e-01
1.131548721091027443e-01
-4.200856048762001138e-01
4.396078594715092658e-01
-6.173884045334523396e-01
1.372095436269442081e-01
7.312097073318140072e-01
1.133760337998571954e-01
1.049177831805104599e+00
1.297210955998869597e+00
4.602792148387546689e-01
-1.085481745440097345e+00
-1.973907813817348700e+00
1.949680315361581040e-01
2.194073899344798129e+00
-8.555152223795555733e-01
-4.948104765636813784e-01
-9.476136125156069401e-01
-1.747075111002810655e+00
1.140438423020848191e+00
-1.021758870751855175e-01
-7.478535783733986086e-01
-9.008871562875745420e-01
-3.590363812559648871e+00
-6.131407840239161411e-03
1.274008714353577210e-01
-3.587473625498618923e-02
8.146178331312625698e-01
-2.155865375952053797e-01
6.832188730461710158e-01
1.297689498838410671e+00
-6.035652032676577794e-02
6.546605453638305594e-01
3.133711636694471725e-01
7.690303341194655307e-01
-1.120752630579385789e+00
4.141508716606082663e-01
1.627126596147804860e-01
-5.233160678424708667e-01
1.518943569562092755e+00
-3.336825337584957030e+00
1.409884529931018649e-01
-6.065138583223748103e-01
-6.618866363353138604e-01
5.125167494593183548e-01
6.728870644244699939e-01
-5.174774652845847145e-01
2.361364779395407343e-01
-3.314789356805437626e-01
-4.440955525682986349e-01
-2.346592046792754238e-01
1.266156314320666665e+00
-1.886798313394923432e-01
1.939007508292620863e-01
5.816539108428075977e-01
-3.261955505408282718e-01
5.435932275513514211e-01
-6.126782663652776684e-01
-2.848082897184697204e-01
-6.844191340174050620e-01
2.439844629606561011e+00
1.276674763131879553e+00
1.083466448887031031e-01
1.955153965147210515e-01
4.406353737221229139e-01
6.672105157867029845e-01
1.408921724188187508e+00
9.986620200919724133e-02
-1.251514763998688107e+00
8.510700521702982968e-01
9.299831490490799712e-01
8.723888783542271819e-01
4.338987401140148581e-01
-2.090355022592301992e+00
-9.243105999144940466e-01
-9.080322495375708902e-01
1.414783903046514801e+00
-1.192184834021993156e-01
6.549032780819055155e-01
-4.519371262241862752e-02
7.331150304742881652e-01
1.642647688591158506e+00
1.779895335475333962e+00
-4.202533170185925870e-01
-1.102751727423235018e+00
-1.081162883681615061e-01
-3.171165845998936472e+00
1.021571008513767254e+00
4.115320825665289561e-01
7.569107073895435800e-01
2.149297548018343773e-01
6.540525478386101099e-01
-3.621992876813228124e-01
1.876343660256829526e-01
-3.502101789420496436e-01
-3.582464298274969372e-01
-6.066526748514944334e-01
3.960882759605660608e-01
1.693213196558357170e-01
-9.337120304403303539e-01
1.860249891183228366e+00
-8.710484175919047667e-01
3.224754789608471617e-01
