2.303694738648854878e-01
4.522195753181833533e-01
1.578187577001681219e-01
5.320611602923296379e-01
5.573137357166496608e-01
-2.041512214351342280e-01
1.088176336039159142e-01
-8.121571660154932593e-01
1.828714385066384507e-01
-6.243059235970075532e-02
-7.628411759298570072e-01
5.504857237881684295e-02
-5.365943143187708042e-01
-4.194834061900732380e-01
4.289453689703939254e-01
3.364422446893924890e-02
4.842099571673713632e-01
-1.000000000000000000e+00
-2.434217769141283072e-01
3.682936725226675367e-01
1.000000000000000000e+00
-1.000000000000000000e+00
-2.784186264609349037e-01
-7.983980044101510742e-01
-3.130765211491329802e-01
-6.762068739467390621e-01
6.588787522788260853e-01
1.374901877611048595e-01
-3.814608481277680374e-01
-3.489955710765405006e-01
-3.046789998665537791e-01
-1.000000000000000000e+00
-4.222129468804536323e-01
3.467148388088985289e-01
-2.917363847469733873e-01
-9.821284556467096971e-01
6.262385005840126473e-01
1.409878212632349470e-01
-9.266821655910482125e-01
-7.615835903009157692e-02
4.127508860752907571e-01
3.442505669990322259e-01
4.212036145921785879e-01
-5.591530666068633693e-01
7.691917098592381263e-01
1.389661247445390657e-01
-2.159649115559203469e-01
-1.000000000000000000e+00
5.946195088219174973e-01
-2.606225172804873536e-01
2.921829017125815442e-01
-1.000000000000000000e+00
1.000000000000000000e+00
4.060601322626976040e-01
-8.819589685003242918e-02
1.784849158089399368e-01
3.786926011945717097e-01
-1.744897101302532727e-01
-1.978161133939034533e-01
-1.289360192617892420e-01
-7.659286172898605027e-01
4.474904192633594180e-01
-4.107334800225855842e-01
-1.000000000000000000e+00
-6.818462766369477457e-01
8.788100786452260893e-01
-6.232931139779975815e-01
-1.469663401417782844e-01
5.209870767780748757e-01
9.206820661804275829e-01
-4.072659990805601593e-01
1.538323028789418401e-01
1.000000000000000000e+00
5.832419211211038457e-01
7.458661612393280294e-01
7.442197710916637066e-02
7.890866963587488125e-02
3.601594006531010361e-01
-6.321382177160811411e-01
3.551705158596721312e-01
-2.045017935845885038e-01
4.046540093044548314e-01
1.533174604836556598e-01
6.137479397486098609e-01
-7.558903359387183496e-01
7.131284845753551593e-01
2.819088583513914004e-01
-3.060258603719292481e-01
3.498891620480021336e-01
-7.009846769433385472e-01
9.606996113514990054e-02
-2.306294732348992405e-01
-9.141481891045979413e-01
9.035301959388597481e-01
-2.132020935006468942e-01
9.877664807796990853e-01
-2.077604714688844334e-01
-1.411357750048183313e-01
-1.213661159436019016e-01
-7.303522535625212031e-01
1.000000000000000000e+00
-1.000000000000000000e+00
2.352700951624181469e-01
-7.117176403000379237e-01
3.151592347155844909e-01
-8.874003633397048452e-02
-7.361800566569755289e-02
-6.619336902356709462e-01
4.327205391149016589e-01
-1.000000000000000000e+00
-5.152962411940318344e-01
1.303787153518281561e-01
4.886778373318995117e-01
6.551428609300100070e-02
6.033105209278212533e-02
1.806371659437387978e-01
-3.331256101633705002e-01
-6.154414311510278957e-01
7.882051442947193287e-01
1.260762117510180469e-01
6.025644869690568450e-01
-7.624647457112471161e-01
3.560800547639447755e-02
-1.907909470268047414e-01
-7.766653315821792081e-01
4.525912937633852495e-01
3.746843322414127875e-01
2.837138838651777073e-01
6.310618401802524646e-01
-2.558433706708155286e-01
5.190543991237956956e-01
-3.547344400625745964e-01
-1.569889856574851472e-01
5.817032439874660898e-01
8.998915769538156084e-01
-5.192592150099603066e-01
-2.692853231725551577e-01
6.059236510284222998e-02
-2.446610809805084830e-01
4.125935788144092786e-01
5.045753680169149380e-01
2.215704295073735453e-01
-6.699710169616115429e-01
-5.729762068249735218e-01
3.731397875965967170e-01
3.007760978274631736e-01
1.000000000000000000e+00
-1.000000000000000000e+00
-5.336507693257912521e-01
-8.279501159604063520e-01
5.549123781925018317e-01
7.744618382053359840e-01
-9.639662126813763887e-01
6.814835207732067301e-01
-8.351650495921811856e-01
5.717202118772984898e-01
1.673047282075662556e-01
3.092811006354992953e-01
5.148035908177450715e-01
3.837029794653921133e-01
1.431481901022094716e-01
-7.635696950565060703e-01
2.385588263722304425e-01
-8.771632209077329101e-01
-3.007665189316282572e-01
9.841312436430060817e-01
8.882515392187448899e-01
4.934612213757930688e-01
1.000000000000000000e+00
5.755794175162638748e-02
3.770183734834794964e-01
-1.609788714804680221e-01
-2.888536257461203627e-02
5.425648231752463468e-01
2.534329871052799499e-01
-1.000000000000000000e+00
9.216177575174122616e-02
1.825380193639058735e-01
5.748261616323907530e-01
5.155081145507519613e-01
-2.615132657415442652e-01
-9.340867616450536648e-01
-1.000000000000000000e+00
-6.897107744894053205e-01
-8.819792491929724643e-02
-3.118869487422193387e-01
-9.248709270257672310e-01
4.997227676314573985e-01
1.336269348982412064e-02
8.514183579366296772e-01
-1.794774786305617514e-02
3.226921691904018896e-01
7.678140077448261658e-02
-4.526967801028790594e-01
-2.514076068726164292e-01
1.000000000000000000e+00
4.113885016073998147e-01
1.898677777702680730e-02
-3.813789340921783788e-01
9.964595876196735702e-01
9.539502844304730278e-01
1.000000000000000000e+00
-2.858782008684304099e-01
-6.544424416199114969e-01
3.656444525071539942e-01
2.226818239426469337e-01
-4.030759202936604058e-01
-3.299833844708752184e-01
-1.000000000000000000e+00
6.037923218432120209e-02
1.501245233073389140e-01
-2.271122491938601384e-01
6.738969120279475478e-01
3.299945476604054240e-01
3.362271015795514906e-02
-5.641883188217355904e-01
7.676253380472761734e-01
1.000000000000000000e+00
3.843123309964339152e-01
1.000000000000000000e+00
4.729721204091430486e-01
5.436145743194092939e-01
4.448459026105718306e-01
9.475557703339863025e-01
5.520416556214469139e-01
8.132663408336854305e-01
-3.696102860776168120e-01
-8.988471151316383967e-01
5.817253870287590889e-01
-4.485213517947369069e-04
-6.332881986957197284e-01
-4.443581863213451055e-01
1.393110212807953385e-01
9.315066370307980570e-01
-7.620587096517013048e-01
-9.413674986975040238e-01
-3.196049653976956728e-01
-5.137328254341255035e-02
-2.775812543005825583e-01
8.594328118382755788e-01
2.456794084944996515e-01
8.579254107041335564e-02
-2.204871270207207357e-01
1.294548021966067386e-02
-1.402202653639489371e-01
-4.282473306036150285e-01
2.480324327308053300e-01
5.877869764389975771e-01
1.000000000000000000e+00
1.000000000000000000e+00
5.230740420021707804e-01
-1.000000000000000000e+00
-5.952824338852381603e-01
-1.871859558962004899e-01
-5.835177178525514652e-01
-3.584398432505550569e-01
-4.281106032234611725e-01
6.611584852230066867e-01
1.915297242163025992e-01
1.000000000000000000e+00
-2.503505840629380863e-01
-3.548612853983459936e-01
-5.720812862125749243e-01
2.047820028969503936e-01
-4.317114721963627999e-01
