7.724053201480438613e-01
8.734072670647788916e-01
-7.942155654643239249e-01
-1.165681975687882510e-01
-3.560651180789552450e-01
6.006816691605050273e-01
8.205190304282922870e-03
-2.303780540894261319e-01
-1.622663681001102198e-01
7.865519744712691219e-01
1.991570792984490579e-01
-6.718648864096139484e-01
3.385910130220911585e-01
6.950661160930902138e-01
3.793164547722543967e-01
4.014966955768743961e-01
2.641765139733363021e-01
9.001394164843825596e-01
-3.548523148269431826e-01
4.756696428795040843e-01
-3.385191645802128058e-01
-5.482074382976732663e-01
-4.586394228791859651e-01
3.923999965296364190e-01
2.278170203164827101e-01
5.722316903360044060e-01
-9.158748652243930977e-01
5.706765821380241910e-01
3.006864265685154081e-01
-5.949074648295937795e-01
8.614225082190333227e-01
-1.000000000000000000e+00
-8.804310778899211709e-03
3.874722192224080985e-01
-2.386796226586076486e-01
-6.792126177837385370e-01
-5.804083751117159462e-01
4.321857685862529608e-01
6.551711494110474820e-01
-2.628962500083259490e-02
9.220341807667905565e-01
-2.210159128612221024e-01
-3.324473662315413636e-01
-4.020443506827182656e-01
7.075476219103140618e-01
-3.566891043587150922e-01
7.080711164769919463e-01
-1.000000000000000000e+00
6.374183062331795213e-01
1.000000000000000000e+00
-2.734029425910431549e-02
3.822831481717475777e-01
1.000000000000000000e+00
-7.598802196778245976e-01
-1.000000000000000000e+00
1.000000000000000000e+00
2.734477797854668601e-01
-7.133355236188705373e-01
-1.631207805304516201e-01
4.801008682115344151e-01
1.783610358215318228e-02
-4.270017816645240716e-01
8.976596482292436008e-01
4.289151624394262896e-01
-3.006275949077293896e-01
8.374853315453363312e-01
3.226309384987145479e-01
5.278779581836916535e-01
6.178895018314509713e-01
-2.352312394624676006e-01
2.395623787655005998e-02
-8.723708257978302072e-04
-9.648687093201564757e-02
-1.493682940793063241e-01
-4.673430150717320375e-01
-3.575511291250431656e-01
-7.294737283602412692e-01
1.441795147795152388e-01
2.475548754847675670e-01
8.674240272108039163e-01
-5.057804044994053116e-01
9.991192981052747779e-01
1.052069073656460574e-01
-1.654128740470617032e-01
4.016868248580365286e-01
1.000000000000000000e+00
2.933227470355743716e-01
1.571465167211548997e-01
-8.517583269855624195e-01
-6.692006727664652210e-01
-2.886045460972949672e-01
1.000000000000000000e+00
7.497986287413465067e-01
-2.584116071757058819e-01
8.989378710841726683e-01
-8.726681153321029782e-01
9.855009928165138211e-01
2.156417086814089445e-01
2.885615139703498477e-02
-1.140428916299230343e-02
-3.160924765740181774e-01
9.542048202527435574e-01
3.519710779112100035e-02
1.253534785225667303e-01
2.029753042706881339e-01
-2.618255226865973118e-02
8.999770519964931381e-01
-9.893865544201523310e-01
3.225242313698198915e-01
1.000000000000000000e+00
-8.149955083255124855e-01
3.087623064592439071e-01
2.319148918304065887e-01
-4.449587825243728201e-01
-4.475232163255021267e-01
-1.709880048817842835e-01
6.395977369351364406e-01
-7.856386896616553983e-01
1.593780654267608066e-01
8.022285069396259405e-02
9.996602530995992719e-01
-1.370678569434381489e-01
-9.411496305525767214e-01
1.349878045466986198e-01
-1.270385064407738018e-01
1.000000000000000000e+00
-9.905533376424622283e-01
-4.007215834506699936e-02
-5.005079186920244894e-01
-1.265781658292911283e-01
-1.136160398799079541e-01
2.728374742236477912e-01
2.577528085734243635e-01
2.653453662910222333e-01
-4.542180066266713889e-01
5.191250658920358863e-01
-4.694155628969287619e-01
1.790533132131089666e-01
5.883217879697453245e-01
4.285256493018669843e-01
3.161768314590410710e-03
-6.580892395171115128e-01
-3.766207901170367522e-01
-9.412393175580117954e-02
-7.160374309934292025e-02
8.713277494941418233e-02
-5.763009910438559036e-01
1.918700832248393939e-01
4.432898604207650972e-02
9.950039312386694812e-01
-5.033756515723569747e-01
-7.645161897278522911e-01
1.942815584009257301e-01
-7.146956661489341223e-02
-1.000000000000000000e+00
-1.000000000000000000e+00
-6.604664331047811476e-01
2.869965543430105237e-01
3.486810766570695719e-02
-2.352580002482773658e-01
-5.652671578973683664e-01
-7.163318056602876460e-01
5.993861496335251005e-01
-9.089198428844429412e-01
4.370215162478356952e-01
-1.525229702726117742e-01
4.276165163708646189e-01
6.364396369057273573e-01
5.741463088946990867e-03
1.976537267013461496e-01
-1.578463407690674503e-01
9.078734240628041352e-01
-1.617230584801578330e-01
7.748595957367143683e-01
-2.689276647628045525e-01
-4.263024154372939689e-01
-8.692843466103359340e-01
-1.000000000000000000e+00
-5.314798831949053837e-02
4.545389370397077133e-01
-1.947281665489099811e-01
-2.722725714126755792e-01
1.239228158807623159e-01
5.458199253694785424e-01
4.939499869354838091e-01
-2.643309074704053296e-01
-3.281937885153103640e-02
-1.637506075330836253e-01
-1.000000000000000000e+00
-9.607674965882662121e-01
-5.515872578268049553e-01
-1.335375745448357798e-01
-9.808071145032662974e-01
-3.499114983238279519e-01
5.369703838333551860e-02
1.997834403998580144e-01
3.965627286088493908e-01
2.766194900839729076e-01
1.000000000000000000e+00
-9.925317176299135458e-01
1.687016316290604612e-01
-5.689861192101456355e-01
-6.000963074759224636e-01
-1.227724418920401184e-01
6.237052486953638120e-01
2.093110675047326064e-01
-3.331244212077195122e-01
3.609263767381687416e-03
6.147650395093160469e-01
-1.919131182379940626e-02
-6.557063288665941903e-01
-7.558006996799576660e-01
1.112686187346473843e-01
3.339498873805211154e-01
5.092350650223370634e-01
6.792408843185246958e-01
1.078316041862528996e-01
2.023299047382295379e-01
4.559001266096684435e-01
-3.843371045694057853e-01
8.315525229791397022e-02
-4.983819316810538802e-01
5.824568800783426203e-01
-1.244757800801616077e-01
1.539404387002258345e-01
-3.406449551699822775e-01
-5.445053599777616160e-01
4.103672371828866461e-01
8.114827297805111694e-01
7.308836676092193008e-01
-9.257415371761189560e-01
-7.691588262001472498e-02
6.986377194454002071e-01
1.598955241583417952e-01
1.902954667798266164e-01
-1.303885320467982056e-01
1.000000000000000000e+00
-4.813391142337129502e-01
-6.764670844001295924e-01
-1.000000000000000000e+00
-2.689137559379475295e-01
-3.669373939969088338e-01
3.367897726553104043e-01
-3.061068892113543161e-01
-2.635857010532741684e-01
-2.929681134980142154e-01
-3.315971043992357314e-01
-7.515971903350844308e-01
-1.364825146649256346e-02
1.625549631075594026e-01
2.576092676732109621e-01
3.890704403348833607e-01
1.000000000000000000e+00
-6.192457927884889024e-01
-3.665955159628697668e-01
-6.929005961699191696e-02
8.776628422014038922e-01
7.988134916963494092e-01
3.228203896253978300e-01
4.304090658508913925e-01
-1.984096171709500978e-01
-6.998408240508416367e-02
-1.702582388273236602e-01
9.191617520394967933e-01
-1.510868286961243590e-02
