2.923535513373727857e-01
9.733145269464289484e-01
-2.979973731103858769e-01
-5.129643004701887055e-01
-2.204974508296743685e-01
1.479074295819592377e-01
-2.384958519428313772e-02
-7.070950908160894555e-01
-3.733470245156249034e-01
8.980459620407030830e-01
-8.385563185826008792e-02
-9.303646380546516381e-01
-1.000000000000000000e+00
5.761346186520561741e-01
-3.851139272000279057e-01
-6.492630341327092491e-01
3.375880255956981157e-01
2.061215317988833728e-01
-4.217487774966723890e-01
2.203003093149041858e-02
-2.416991253741070378e-01
-6.095959733169756811e-01
6.213509354281249175e-01
3.834104348504761561e-01
1.316244176530219634e-01
3.973364955731707449e-01
1.000000000000000000e+00
-2.953603928268460632e-01
6.475527150132454057e-01
-6.525190117488790520e-01
9.172702032769062264e-01
-1.059866433504411259e-01
-2.064229152883533813e-01
-2.390443132031971341e-01
2.207625373877803998e-01
-6.867254251445886748e-01
-1.000000000000000000e+00
4.533726004008216681e-01
5.064371860649569124e-01
3.519751399248496893e-01
-2.851854833374872222e-01
2.439291061821891038e-01
-1.000000000000000000e+00
-2.769915930623575440e-01
5.433723342381556742e-01
-7.867461922630767379e-01
-1.453756449057947986e-01
-9.956152622167893096e-01
1.000000000000000000e+00
1.000000000000000000e+00
-2.156289721731279030e-01
3.844115868181832707e-01
1.000000000000000000e+00
-5.024281484628496663e-01
1.000000000000000000e+00
-6.390985992845883423e-01
9.466883101189940142e-01
2.507282992489290319e-01
-1.000000000000000000e+00
5.995849046694885498e-01
8.529701766359511217e-02
9.463145200764565557e-01
4.292749189764638040e-01
4.485640823332079363e-01
-4.908929497984299006e-01
9.643691647678046541e-01
-8.432163969204518883e-02
5.245715509099047047e-01
-9.770872932032468317e-01
-3.694788604326453840e-01
7.899290319654982406e-01
1.621640403757288462e-01
3.308904453665058587e-01
1.148293700318372690e-01
-6.394993137896749502e-01
-3.693785085110586341e-01
-3.913369214084377878e-01
6.230480164970408907e-04
-1.735927156913586594e-02
7.373159520241148179e-01
-7.997701057139537939e-01
-9.598533097703970673e-01
7.188653377668535738e-02
1.889325295278624917e-01
4.459668678341659476e-01
9.376944031764109511e-01
-3.246109230361496900e-01
4.680809992851993062e-01
-2.964329678107809896e-01
-8.030833664064305211e-01
5.180377535176475812e-01
1.815345574249879468e-01
7.754377341974896254e-01
1.246261403899318887e-01
-2.649930257565940028e-01
-9.207032736337618373e-02
4.239918850123226557e-01
-5.526535026383462279e-01
-1.247070624220004004e-01
-5.392827226116752026e-01
-3.400794046285122718e-01
-9.214448143805842317e-03
-7.753735769073776263e-01
1.420304076375104585e-01
1.368959449332319833e-01
-2.959936221193656403e-01
-2.707527742623517808e-01
-4.601240155778974494e-01
3.642321914762452484e-01
1.590637595145352051e-03
-5.486711519852713881e-01
-3.827358205666810953e-01
1.100764053141036619e-01
-1.000000000000000000e+00
-8.277692231805783285e-02
4.479960553902248566e-02
2.834917385137704082e-01
-3.243864410147269117e-01
5.681105563293603611e-02
6.824669591746440611e-01
1.000000000000000000e+00
6.739248103367420084e-01
-3.254807854938811529e-01
-4.281670691998346046e-01
3.599776233106974366e-02
9.073019724861665081e-01
-9.410671306366824584e-01
-3.773862964722527469e-01
-6.242969662459183500e-01
-7.756851068930170623e-02
2.521122187913599211e-01
2.503939475109250856e-01
6.981529875607078717e-01
4.144951618825619133e-01
1.533998417849605223e-01
1.000000000000000000e+00
-5.124338008814657286e-01
-1.000000000000000000e+00
3.031415450209606899e-01
1.000000000000000000e+00
-1.481563793927686001e-01
-3.234445509055963730e-01
-5.173604758126701952e-01
-5.013489946985268952e-01
-4.654190227723671858e-01
7.977273920166352839e-02
-6.786104660324805415e-01
3.505045781197204668e-01
-8.073575910564768643e-01
6.619328080570654471e-01
-3.295313411744916765e-01
-9.444391499671653811e-01
4.062332914817685658e-01
1.045130622369110640e-01
-8.013083112285404042e-01
4.733919849409415903e-01
-1.000000000000000000e+00
-5.155890828225249134e-01
-1.518557234293124725e-02
-5.461407872205857883e-01
4.566659153235069768e-01
-1.000000000000000000e+00
4.011768709500093122e-01
-1.000000000000000000e+00
6.588131480232251036e-01
-1.000000000000000000e+00
9.639413594842181077e-01
4.884584966004376638e-01
-7.126412006674558430e-01
7.907224386278859374e-01
2.777259973054704151e-02
8.029671011212218268e-01
3.515691501468237723e-02
9.391962574092425076e-01
-1.860782622744573400e-01
-3.948013064612135303e-02
-1.000000000000000000e+00
-6.280342100741236333e-01
2.126390697537490770e-01
7.039528343009657241e-02
3.094156454643415266e-01
-3.689848457059930475e-01
7.844578791563372455e-02
1.000000000000000000e+00
-4.151825250420406177e-01
-3.224415737019525885e-02
9.247936002406904887e-02
3.478822681668963801e-02
-6.531020144843998620e-01
-7.839964249199360413e-01
-3.456936279040174198e-01
-4.638214376537032058e-01
1.000000000000000000e+00
-3.380766202692018219e-01
1.000000000000000000e+00
5.507197353478568980e-01
-3.920608597429525721e-01
5.228500437494913999e-01
4.962131346048931357e-01
-7.635460895173153961e-01
1.000000000000000000e+00
6.461103166847357304e-01
3.141978341005362274e-02
1.295354858125689068e-01
7.637142904832520951e-02
-2.240720971299569042e-01
-8.888666650189117058e-02
3.382560389961810077e-01
2.672064179440579723e-01
-8.332322398605526703e-03
-9.734890035970893418e-01
-5.623199069751012580e-01
1.000000000000000000e+00
-9.100540534752536714e-02
2.824055794364168648e-01
7.293449893208043822e-01
2.415592699679109945e-01
3.913561158578956478e-01
3.919765596772940563e-01
1.000000000000000000e+00
1.318350671175695377e-01
8.063795607612916916e-02
7.242688657381672890e-01
6.866902590323449296e-01
8.426370998310669380e-01
-6.251327579495173925e-01
-6.284400935412386424e-01
4.093423819767874061e-01
9.011604416682976737e-01
5.593572740130772214e-01
6.158605374026746571e-01
-1.056260632253365472e-02
-9.178104160475608619e-01
-2.965322165047361985e-02
8.423112359406820238e-04
-3.965956797211993290e-02
5.573186657902113872e-01
-4.899606890047921715e-01
-2.308148249886536885e-01
1.344233345755407039e-01
-1.160956442592152027e-01
-1.268018631895861115e-01
-4.020082007713471350e-02
-3.395761229410134696e-01
4.287398737147640748e-01
-4.496042881254631030e-01
-7.461381418173389513e-01
-5.680945497719749326e-01
4.410713783099437513e-02
9.954141894326637430e-02
4.288822260585008483e-01
3.829244367761835965e-01
9.937350398273845364e-01
8.563450590549988028e-01
3.646730067428752275e-01
1.645306216011133693e-01
-2.165733616641650761e-01
4.733508365314662014e-01
2.320046565220519053e-01
1.000000000000000000e+00
-6.317950183872675374e-02
6.372955959648286539e-01
3.873670145217633642e-01
1.000000000000000000e+00
-3.645592310818031034e-01
