-3.927802004272142877e-01
-9.407323218358270012e-01
1.000000000000000000e+00
-3.964962651908561231e-01
2.089940068188090444e-02
-5.309191262310919424e-01
-5.574450960101478003e-01
1.770905783404284617e-01
4.267151722602199881e-01
2.116168007322475897e-01
-1.000000000000000000e+00
-6.485254419828045958e-02
-3.894408425073763169e-01
-3.418373941039128394e-01
-9.838511000229552828e-01
-5.094867140333071420e-01
4.797903580585026195e-01
-7.518573803787850229e-01
-9.858516548613496244e-01
1.654898076160291609e-01
-4.720706921453104998e-01
4.651924890596502715e-01
8.898248943141577882e-01
-5.722952681881230408e-01
-7.209331792654682936e-02
5.905692293969648787e-01
-9.192243880189774341e-01
4.573917105725574528e-01
-3.539169719208287157e-01
2.751286842396720722e-01
4.089652037498687775e-01
7.662780029440157126e-01
5.914576318663257171e-01
2.235645223961196248e-01
-3.686233919729236530e-01
1.616170169788084254e-01
1.098092720231328145e-01
-2.485238408464919835e-01
-1.000000000000000000e+00
-6.937690467594304078e-01
-9.089829926664940718e-01
6.163507010922829599e-01
-2.506087215160869297e-01
-5.855005166974064368e-01
9.253677687437309451e-01
-1.370167586800123405e-01
-6.399320914502179547e-02
1.370426988814751612e-01
-2.561672635185909819e-01
3.510062678287299565e-01
-2.954533123556309926e-01
-6.679201694052938620e-01
-5.684973201427770961e-01
5.145094197397477309e-01
7.438083539385277609e-03
-1.000000000000000000e+00
-4.938631513796055694e-01
-4.394652972008617486e-01
9.355886900713993315e-01
8.022066762621848923e-03
-2.390935762974036871e-01
3.738773419953658750e-01
8.613976986595077712e-01
9.393880577164165357e-01
3.140263458751426651e-01
-2.610791367751677527e-01
8.394170651994027621e-02
-4.465737168672674340e-01
-9.110874358917975258e-01
-1.428695116604657422e-01
-6.515335728296991480e-01
3.268390850488493982e-01
5.797867134929073352e-01
-7.711070449273622618e-01
-5.723307544547824310e-01
-2.492545242908479342e-01
6.529252423976044106e-01
-1.000000000000000000e+00
-9.085436622255114170e-01
-6.800683408538954478e-01
2.249147365850137914e-01
-1.621892311682147092e-01
-4.442823196095322391e-01
8.121844872141271710e-01
8.734463840326019968e-01
2.989526585699403549e-01
-9.610607414925259606e-02
-9.472768718323695825e-02
8.840881008057221990e-01
-1.000000000000000000e+00
-6.765103615102235901e-01
-4.021673550860223045e-01
7.046308088131301162e-01
4.296446958871285027e-01
-2.343588801363098162e-01
1.000000000000000000e+00
9.790202866946094984e-01
-1.000000000000000000e+00
9.097376918318401673e-01
-5.114512981861976115e-01
-1.000000000000000000e+00
6.734556108285619791e-01
9.124077563795029988e-02
-3.981107358500182158e-01
-8.619124667029028908e-01
-3.022359590038180555e-01
-1.000000000000000000e+00
1.000000000000000000e+00
2.571133877359517705e-01
-1.000000000000000000e+00
7.757720396453453293e-02
9.810932841796258241e-01
5.339661214805435652e-01
1.000000000000000000e+00
-3.177910303523786006e-01
-1.239380361375075762e-01
5.609077839658597187e-01
2.034769186074908698e-01
-3.321452732148454934e-01
4.274552429522265884e-01
-4.259146113189805627e-01
7.004315521851056658e-01
8.759515337859411499e-01
-3.815424079939461199e-01
-7.202374420658255172e-01
8.222159940882284301e-01
1.000000000000000000e+00
2.448949252556484879e-01
-7.442650524035011594e-01
-7.817601633533238781e-01
-9.170107798003297450e-01
-7.960440553002268160e-01
-1.973800656968710543e-01
1.000000000000000000e+00
-4.758436112901332504e-01
3.534955879789620226e-01
2.285725471743376980e-01
2.406545925693841792e-01
-8.883448406129826891e-01
4.412109488087384568e-01
1.063138847873889292e-01
4.219348587942671758e-01
3.904568353022824789e-01
-6.432192495377864194e-01
7.232319399865739795e-01
-2.523362913935302265e-02
8.745587972251563924e-01
2.363576244499942525e-01
7.885146670052115003e-02
1.455075778754977289e-02
-3.774923397760950317e-01
-6.363898468725217583e-01
3.358886590339713596e-01
2.410160671387674702e-01
1.107660650538760810e-01
-2.413388056242121715e-02
-2.248477865578885765e-02
-8.490378519694691262e-01
7.176418613012092163e-01
-1.000000000000000000e+00
-8.034525894522119849e-01
1.333231417166306776e-01
6.235801968907999093e-01
-1.000000000000000000e+00
1.000000000000000000e+00
7.356165050322096555e-01
9.508785955774383680e-01
-1.574642462182838654e-01
1.000000000000000000e+00
1.000000000000000000e+00
-3.395778018126744402e-01
-9.391676051028082783e-01
-3.960915187200721443e-01
1.000000000000000000e+00
-1.000000000000000000e+00
8.751982536899353127e-01
5.036290606969564543e-01
-8.951466559286537505e-02
-6.493191914764909756e-01
-8.772418796488361536e-01
-2.809261587049139974e-01
2.047268012624505473e-01
-9.535207128914180430e-01
6.553514455493664181e-02
1.859388141718679444e-01
-1.929070314578586742e-01
-1.000000000000000000e+00
6.187856998576751755e-02
1.035338157300243617e-01
-3.726563644742739712e-01
7.396906656481041509e-01
2.068679002881614049e-02
8.505228798164570225e-01
4.951999961225806435e-01
3.518246336824986109e-01
-1.513556636042864278e-01
-9.548511424673846726e-01
8.698653708346901769e-01
-2.614811966098090079e-01
8.802786839595726498e-01
-8.945946823320111152e-01
-6.019615523235015697e-01
2.303649420323272135e-01
9.686570091005152205e-01
-6.568685955027474266e-02
4.117187132749640655e-01
-9.805775565503229707e-01
8.944358392406540625e-01
9.082827178278167490e-02
-7.321836742490228644e-01
-6.764869946684164415e-01
-2.476194621129474416e-01
6.334276058229721951e-01
4.168806396656204449e-01
-4.762137056894594767e-01
4.928218156643784931e-01
4.620306273254890517e-01
5.446308758934133021e-01
4.661260101684083779e-02
-7.492720793477899432e-01
9.031204039307652032e-01
-2.109053109471900889e-01
-9.967088245021363258e-02
3.702604465038446535e-01
-6.077232428884109527e-01
-5.926587140995787095e-01
-1.845685849423741032e-01
1.000000000000000000e+00
4.067339227453102835e-01
5.387804976595632622e-01
-1.000000000000000000e+00
1.000000000000000000e+00
-9.364277355526717805e-01
-3.032609599762243757e-01
-1.819662754424973827e-01
-3.541527010222562666e-01
3.951312768369248940e-01
1.000000000000000000e+00
-6.809931466602612282e-01
-1.000000000000000000e+00
6.978661863195143034e-02
-1.737754943880825687e-01
2.974267253924200438e-01
2.324797059203867478e-01
-8.904532247716557825e-01
1.000000000000000000e+00
-1.896081536464754302e-01
3.856285572033978370e-01
-6.855610150182267493e-03
2.049592542330785638e-01
-7.467765386161289154e-01
-1.000000000000000000e+00
2.783733723541346183e-01
-2.708288395141851268e-01
2.916741154051315510e-01
6.569929695735686748e-01
-8.710917575535251922e-01
1.920106417212258387e-01
3.568203255466819157e-01
3.853340377022910768e-01
-3.407763897960985888e-01
-3.422401973760974547e-01
-7.484119097533552534e-01
9.100326636541204994e-01
2.767794549833462181e-01
