8.578222878823636710e-02
1.841323181287950472e-01
8.220028393332684535e-01
1.228156842367011670e-01
5.450591540371341193e-02
1.199077501159626080e-01
5.133259365171727318e-01
-1.840505314918053914e-01
-2.626966461299475863e-01
5.639294488388416626e-01
-8.249360781370955742e-01
-5.195210204041409430e-01
-2.479114992566807674e-01
-3.281370973879736974e-01
-8.911371561916026085e-01
3.800031762729726426e-01
-1.000000000000000000e+00
-2.181295731351458322e-01
5.088725391969629586e-01
-2.779853558718974049e-02
-7.125976535629883202e-01
-3.403569965293173905e-01
-5.001090568867814223e-01
-5.720538742889843542e-01
4.457571790590008493e-02
6.572925393651696258e-01
3.418583629834709425e-02
8.520663898801656977e-01
2.554502289481821314e-02
1.032014915686378237e-01
-5.100698880938562274e-01
2.345326944080627918e-02
-6.382762915245336899e-01
1.841200894527195986e-01
-5.321423001950319476e-01
6.893080424691658825e-01
-1.640585743346112957e-01
5.004921745886430351e-01
4.816776726067449610e-02
-4.132268950322975920e-01
-1.000000000000000000e+00
7.737232107202052234e-01
5.268485635901989372e-01
4.810684986283770281e-01
1.144322751349244327e-01
3.073440216643945067e-01
1.351976816424413363e-02
5.221194013036022374e-01
5.355071842467529208e-01
4.284847079670265901e-01
-1.570323404512044552e-01
3.708132871952516951e-01
6.216565933466513538e-01
-9.348767665320841802e-01
-2.521108302271083956e-01
4.209943930116618604e-01
-4.457016500814309917e-02
5.473652608482471038e-01
-2.140336040165453091e-01
4.094368347733518543e-01
-1.000000000000000000e+00
-2.988611333788039337e-01
2.350382590843390629e-01
-4.085863119583904024e-01
1.851685382474903552e-01
-2.122235130516579305e-01
-5.556367218304617550e-01
-2.737844535030401483e-01
-7.698841007916494839e-01
-1.000000000000000000e+00
5.038674512825181973e-01
-6.954045401431229179e-01
5.470729354821393109e-01
-6.522058443873919309e-01
-4.201232477802182563e-01
5.253656636556836013e-01
-7.999085569056595402e-01
6.237885304779483553e-01
4.141780055153729823e-01
-1.698495293937624939e-01
-7.212221452905632768e-01
6.299014605351745955e-01
5.373658438209025778e-01
5.934566119066567724e-01
9.121327972647378379e-01
4.243991914647685659e-01
9.361248844351102161e-01
4.815502119264720715e-01
7.322411639674483164e-01
-4.297629385883822151e-01
4.342130624862491350e-01
3.518133979864872529e-01
2.399901183569835839e-02
2.993487736896650875e-02
-2.971914782070841921e-01
-1.006410548777970509e-01
-3.958015348609104089e-01
4.319460578192538813e-01
-4.698884386788018674e-01
-1.239423405364804415e-01
7.525475085004387221e-01
-8.821900394529265110e-01
9.080546165411592652e-01
-3.803676459264270782e-01
3.217776451842388474e-01
-9.238973333531308452e-01
-7.723975316542591729e-03
-4.562410426675128639e-03
-4.774883931113367286e-01
-9.871552106133014703e-01
5.005489315772642112e-01
6.242851173175145707e-01
-2.727007389706823104e-02
-5.509524646992743913e-01
5.727230779048879394e-02
4.459217647737351853e-01
8.002617505683568000e-03
6.034438826713104387e-01
-2.070147574430435816e-02
4.857514160316441787e-01
-7.433691722769618371e-02
-8.918440758021214387e-01
-1.000000000000000000e+00
-3.464310646843083430e-01
1.000000000000000000e+00
1.919444886657315219e-01
-7.785208972170477582e-01
2.758145697750827852e-01
-6.990381215854286623e-01
4.432146527897083688e-02
1.281592721994612438e-01
-4.661606614767404011e-01
7.366734249628281717e-01
-2.923701356251783290e-01
-4.489830297019888894e-01
-2.029165002285853725e-01
-2.806964885307993152e-01
-6.238122192706565539e-01
-1.000000000000000000e+00
9.669563934399268978e-01
7.890282249464104503e-01
-4.131095633522804955e-01
1.700781682501793513e-01
-2.012989242134398671e-01
2.533553466632037510e-01
7.799352825387995125e-01
-1.434780201495005070e-01
-3.538768515714247331e-01
3.082176630616940693e-01
-5.109115555605930892e-01
-4.051957259856923677e-01
-3.853473909394618691e-03
-2.048743749428436067e-01
-2.697593913569753532e-01
7.090317214693678816e-01
9.983639768972797646e-02
4.284871544692678835e-01
-1.013106773832683077e-01
-7.570309708420843720e-01
1.712758545726247583e-01
-5.433945073602585163e-01
-1.000000000000000000e+00
-2.281845033768268027e-01
7.226406741246321763e-02
-3.611671150820901510e-01
8.638790543816230461e-01
-3.676355407853783563e-01
-8.957529298967383813e-01
4.401289554807665261e-01
-4.284434050739367450e-01
1.703025468201302128e-01
5.334967729430254435e-01
-3.832229532348986889e-01
6.653358469315270307e-01
-1.000000000000000000e+00
-3.421959732305362989e-02
-4.152002790679139022e-01
-1.224858889014926872e-01
-3.666505612499685318e-01
-1.000000000000000000e+00
3.814507288888437930e-01
-2.395643379197935352e-01
-5.180463710684759526e-01
-2.199970101321118421e-01
3.857461095254519079e-01
-2.806415161357963539e-01
7.237621422476010480e-01
1.339800585922432674e-01
6.407864965219194353e-01
6.898391679245201580e-01
1.541755941920396611e-01
4.097176496394436263e-01
1.000000000000000000e+00
4.644431860366464160e-01
1.000000000000000000e+00
9.989162553379371534e-01
-9.081769380155155780e-01
-5.186104822300732220e-01
-5.065798776608667620e-01
6.242501323004400193e-01
-6.858729820340496719e-01
8.206697531544807633e-01
5.187343297092019689e-01
1.429228367968723157e-01
-2.971290603476761660e-01
9.550666686934637661e-02
-4.995829869598709672e-01
-7.004461533366795889e-01
-9.777039875770863198e-01
6.278498939737983120e-01
1.000000000000000000e+00
6.257651833674674480e-01
-2.504647575105390933e-01
-7.295720477201896870e-01
-8.265983007688686435e-01
-3.359914963526135501e-01
-2.344465759984502018e-01
-5.946615840794633456e-01
-7.446053776268859448e-01
-8.668056595525791552e-01
-4.660914376818332538e-01
-1.000000000000000000e+00
-3.762697955791652893e-01
2.276563717721560021e-01
8.470911204964128860e-01
-2.561391404336693656e-01
2.457510816697968670e-01
1.000000000000000000e+00
2.227750634549317543e-01
4.524195773309798163e-01
2.364357637073276619e-01
-1.661220268414154710e-01
5.564282240676856617e-01
1.000000000000000000e+00
-4.808378810296634054e-01
-7.079854752453181022e-02
-5.076413644199961883e-01
-1.000000000000000000e+00
-1.214585250246696113e-01
-9.648298163881980916e-01
7.031999881125742397e-03
3.233005737404698876e-01
4.143887018175818060e-01
7.039972216184757769e-01
-3.875818780332780378e-01
-8.702980364215712195e-01
8.391000585591374961e-01
-8.830030788596675562e-01
3.523880953950602191e-01
1.087371234101271456e-01
-4.920121694714509886e-01
-1.000000000000000000e+00
9.316929427401909880e-01
1.000000000000000000e+00
9.274338527261274390e-01
-4.557307222258848434e-01
-7.880945113926876022e-01
-5.428718930279120558e-01
1.000000000000000000e+00
-6.571070027283825166e-01
-8.406821744161335763e-01
5.338410361191670006e-02
6.851108217094294128e-02
-8.266024426504900990e-01
2.806643227433510135e-01
