-3.987205307784530417e-01
5.839854657752469036e-02
1.590023117063774638e+00
-1.121811535406205262e+00
4.920718725487946421e-01
-1.858876153045496915e+00
-1.158285374292671310e+00
1.575812307735171003e-01
-2.034338637785989556e-01
2.708818569370953777e-01
3.380507218137914771e-01
-1.602397721751335880e+00
2.392005867537406516e+00
-4.409388730878319174e-01
1.685999434263288355e-01
-7.962821079594113449e-01
7.600266041069453360e-01
-1.353667263032454771e-01
5.526971222525749461e-01
1.891284874297333718e-01
6.756798626183684320e-01
9.750207429799405412e-02
-3.840415719530784422e+00
-1.272969833929728622e+00
1.519666590892573721e+00
-3.760785621581920757e-01
-1.188872041288516535e+00
-7.759598008026200033e-02
-4.340158613977201929e-01
1.413598304617063484e+00
3.933593119971633967e-01
1.029279349617732986e-02
2.833653271545618635e-01
-1.964145759778472389e+00
5.958942849884794057e-01
-1.470706783480540958e-01
-1.688001038673314080e-01
-1.424785703873511000e+00
6.527745283287591516e-01
-1.575785327245551315e-01
-9.742961067329285463e-01
8.861618750175002113e-01
-1.573555321142637187e+00
8.681370153096863440e-01
-8.803050711528935812e-01
1.451344890809139476e-01
-1.251919509983044465e+00
2.622770803432462605e-01
-1.507138785166624473e+00
1.936626837291988146e-02
1.343081911275437079e+00
-3.153888452699914469e-01
-8.049894524063851975e-01
-8.307357424047062677e-03
-2.559316960953021969e-01
-4.857504751860547421e-01
-1.069589386424850463e+00
-2.703992349295973874e+00
-4.419862622937164587e-01
1.862693576174901500e+00
-4.214223484594263880e-01
-6.213420354521430600e-01
-4.112557061869120956e-01
-3.295446477632553439e-02
7.932257370795989804e-01
9.161749729104252671e-01
-5.408750774414332607e-01
4.818294841371680015e-02
1.828521715911691214e-01
9.090293291364648365e-01
4.436834698333162463e-01
1.939831354022891058e-02
-1.301095547905924743e+00
1.244063437467805566e-01
2.298435130199528942e+00
2.385366517611813286e+00
-1.667973695519448796e-01
1.274189471491425363e-01
1.080255310767989307e+00
3.275018613715402482e-01
-3.576426415206566123e-01
3.121305951722562977e+00
-1.008786304717972815e+00
7.636536430771103667e-01
1.367618598441004085e+00
7.780795248518350693e-01
-9.988154546319496507e-01
5.743210666593352443e-01
1.956459025647342975e-01
5.050663576289265988e-01
-2.301135495928812169e-01
7.618415848884281250e-01
7.409256923629971014e-01
-6.946509070691482268e-01
-3.114233476364358655e+00
1.624035545064537733e-01
1.459934116581007579e-01
4.936543224284591913e-01
-8.842540668265699288e-01
8.743429946790354235e-01
-1.167175785278136368e+00
-5.531175307223128446e-01
1.079078877884960264e+00
-2.126630059674652351e-01
6.096295082527556364e-01
1.696404023908800074e+00
9.876246784785975841e-01
-5.682119066626081239e-01
6.422254382276064710e-01
4.349431976345348172e-01
1.389301101894369062e+00
-2.845303662521866395e-01
-5.574185323294458261e-01
-4.319193950478518174e-01
4.382500016717648661e-01
2.844558245497788018e-01
5.225555640868428942e-01
1.334070517337141881e+00
1.415188259797716674e-01
-4.677522832063016334e-02
-1.885884254699896401e+00
-4.459560779903917194e-01
-1.821827645829558195e-01
-4.021890543055470779e-01
-1.905056470502412835e-01
-4.141024589047752613e-01
-4.583548815733964332e-01
-2.361856534146379860e-01
3.616042389286084485e-02
2.193736016295458890e-01
4.424937803495599953e-01
-7.498172679565974497e-02
8.394761836874145011e-01
-4.090879676111889296e-01
-2.796872322474931449e-01
1.436538994590659257e+00
-6.925659973583295215e-02
4.136149863392738490e-01
3.741643848055010713e-01
4.909616451176950780e-01
-1.528470255348223297e-02
1.085491566226113314e+00
3.774844428678795771e-01
3.299314356014689809e-01
-5.636745003812220212e-01
-1.156862769633148602e+00
3.086928714372491056e-01
-1.478653913146223652e-02
1.661343548121717584e-01
-3.474810584622539666e-02
-2.061566689955036225e+00
1.374521217492992164e-01
9.821807221204007510e-01
-7.906542324380927411e-03
-1.113373418129938397e+00
4.228881946579581830e-01
-1.966856342786932110e+00
-2.290120303162502258e-01
2.487298489653963773e-01
-6.699458448004639299e-01
-4.228095361241234196e-01
8.698109094862761514e-01
-7.771216481028129230e-01
2.232128544755511701e-01
-1.683111597345301469e-01
3.213399159174685771e-01
6.801745836567572034e-01
-4.707944397748756726e-01
1.214907978887295847e+00
1.054202151271566468e+00
-2.035929964456377472e-01
-8.008016460348856835e-01
-2.478967611435614060e-01
1.694805425372296059e-01
6.285095670964280234e-01
-7.298652510974167340e-01
1.775074179952933484e-01
8.473482199519838387e-01
-3.660418233360238638e-01
-3.905841254026498621e-01
4.640136644331137594e-01
-1.895623659731442145e-01
1.327674348753402622e+00
3.375028587506931910e-01
1.539125438490138720e+00
-9.323992910476941454e-01
1.619626351921887419e+00
-2.649605163883774761e-01
-3.674326761857331092e-01
1.577773339172563682e+00
-5.138926739320412995e-01
8.525515473461366955e-01
3.008206149295748477e-01
-3.968061149714111613e-01
-7.991722841777155750e-01
2.397338385018131235e-01
-1.499818715415343284e+00
7.704471576458397086e-01
3.848099819613312600e-01
4.130715990891144496e-01
4.070026490044087453e-01
-4.150095392776124159e-01
-8.653413798980240379e-02
5.798594127037726143e-01
-3.260311984433198473e-01
-1.051659134848651256e+00
-1.132349968407905694e+00
-2.385909624304211052e-02
6.675380259273433481e-02
1.704026538845580863e+00
1.803733214212827618e-01
1.676295126638540633e-01
2.865754749181542715e-01
6.245416104479859509e-01
-2.267639023637652018e-02
5.547013661887434388e-01
-1.179783468912518396e+00
3.688513456900175957e-01
-3.847962449426534093e-01
-7.377386033320908476e-01
6.528515833914316779e-01
6.222287846283153234e-01
-6.472598664962822546e-02
-3.481795912548688587e-01
-9.411254410310239127e-01
-8.871382585540894539e-01
-1.537671315748482037e+00
8.514058200816581046e-01
5.646852826813518078e+00
5.951077076694749612e-01
-5.177217560874041169e-01
3.432426883223426151e-01
3.366824382353342804e-01
1.137909575529748363e+00
3.421238527456486045e-01
-5.671024207938129003e-01
-3.358113591855214075e-01
8.268769773438569004e-01
4.985504054645701899e-01
-1.056071353673516400e-01
-2.096227235230424535e-02
-1.145587910822145172e+00
1.183356372915628452e+00
5.500376150505846828e-01
-1.331730877204772290e-01
3.052919477906113066e-01
-3.833370996962115473e-02
-2.520047037870497553e-01
-1.334126819257617780e-01
1.221394062159185112e-01
-8.856419224789486844e-01
1.201967780438542716e-01
3.968260401654188918e-01
-1.084696411256761195e+00
4.201441343914320559e-01
-1.032367228986010854e+00
7.220176169998185900e-01
-5.237904371398180992e-01
3.560524012480134060e-01
-1.501620683678575874e-01
-1.662321092692172209e-01
-3.469179810824099541e-02
7.821961528494725258e-02
7.061001347390306604e-01
-3.541497865348872676e-01
