-3.144302526499574979e-01
5.782965788921847761e-01
-2.583223356747874622e-01
-1.310896775035828021e+00
9.844162129817696227e-02
-3.569022854481225693e+00
-7.083396266669632624e-01
-1.137020337355105770e+00
6.111034777916810601e-01
-4.531474084411047931e-01
-2.501765159987994203e+00
-5.340989533898252151e-02
-3.258124554260029004e-01
1.322681373551438444e+00
-8.035398288942600109e-01
4.517735214639211350e-01
1.169711720006476829e+00
-2.915591169243453296e-01
1.086663819153760174e-01
1.880824918122099010e-01
2.929248042803014318e-01
1.136043766208743033e+00
7.421849015051928955e-01
8.624610164132744394e-01
7.591492821698768712e-01
-2.371382284242929198e-02
3.152601415951813424e-01
1.760199456009946095e+00
1.107811627404516219e+00
3.156326742001774877e-02
-5.869713156527356368e-01
9.873548519593411399e-01
3.847481104276806452e-02
-2.971279511436288878e-01
-4.448921755426269442e-01
-9.635999116531757114e-01
1.478819354068990344e-01
-7.061508196883652388e-01
3.889430331697030230e-02
-1.530097607288085082e-01
2.459469931699226897e-01
-6.567914722676826411e-01
7.272070614600123495e-01
5.092976062411358473e-01
6.156904490290879828e-01
-5.484245807208950607e-01
9.478034628239992987e-01
9.790039430903292317e-01
7.776405672729964635e-01
-3.122120077346152156e-01
6.890411188585177094e-01
1.425031863318207415e-01
1.016991705092616716e+00
-3.386680179755985898e-01
-6.199458906114840850e-01
-8.686029085769131353e-02
-4.807244357945221758e-01
4.445407450770348934e-01
-8.925338696645480629e-01
7.077937695230676063e-01
2.044284016095933243e+00
-3.154544215905432658e-01
-1.272741540119537440e-01
1.872415749664592954e-01
-2.256074090187008829e-01
2.103994647962368070e-01
4.969964900414754194e-02
-3.913959265818484079e-01
1.619591181140813130e-01
4.133305510050473419e-01
-1.301388358929698841e+00
3.661557060911953543e-01
5.824560685373936231e-01
-3.401190396413035222e-01
2.523207771218417550e-01
-5.620161020624822590e-02
-6.755056034435951151e-01
3.249913713392461601e-01
1.680982841593536281e-01
2.714886152911871742e-01
8.480532038609678303e-01
-7.369992832472671562e-01
1.028841131822554045e-01
3.498864325952534271e-01
-1.814851470668517597e-01
-7.245334077219030000e-01
1.160850957852212345e-01
8.521325977685980657e-01
6.572651366073092305e-01
-8.280313142399932103e-01
3.788389860500360751e-01
-1.375150291822381021e+00
-1.062492589602609394e-02
-2.805147580261962981e-01
-4.121451493007647349e-01
-4.426564649032723731e-01
-3.487168849734499254e+00
5.392531827922684151e-01
-7.496331751707587809e-01
3.275734338142263224e-01
3.500480978087121275e-02
5.587617465855820864e-01
-1.105511145414992680e-01
-9.420600865836104010e-01
-9.531426400588229875e-01
-6.933021671924342044e-01
1.027660363104873520e+00
5.527689763688299340e-01
1.887536952358511266e+00
9.277401043011397341e-01
-1.512079435165103680e+00
-2.951525896161796281e-01
1.839762614571787580e+00
5.156670208824574164e-01
4.240112537434998635e-02
-2.715455675984955741e-01
1.031906588210217690e-01
1.311406763198764924e+00
-5.364160367149140018e-01
9.434130135933485595e-03
-1.129583785004547369e+00
-1.567317816710164513e-01
5.958452909301441558e-01
-5.205579779981374111e-01
2.169938328884549072e+00
1.103504494817462156e-01
1.344632428110795752e-01
-4.813483950975482734e-02
-1.906934009297012178e-02
-5.704193095673595337e-01
1.364907209400917365e-01
-7.310204266461716172e-01
7.846243087180215792e-01
3.529326853886387283e-02
-2.480652592859505789e-01
4.271721601336354590e-01
-5.818703139311354189e-01
-3.279847810471780978e-01
4.470234060742840354e-01
6.323437478930602484e-01
1.690479947675010974e+00
8.343441594775811154e-01
9.393983197019106779e-01
3.162039590410679613e-01
-7.384112312657524768e-01
-7.874009323629699297e-02
1.050102922893941804e-02
-5.500357214446163212e-01
-3.502820895466746132e-02
-1.786398065294116932e-01
6.012637518688772609e-01
-1.513069263674713838e+00
6.672397387020650994e-02
8.478319782835075369e-01
1.198976733872139100e+00
-4.431900844820126917e-01
1.330382201687200450e+00
6.729961833299768180e-03
-8.649525422026607124e-01
1.210094868549813185e+00
7.506853457779063543e-01
-3.483336876419622641e+00
-6.275930758848398128e-01
-1.205527079982191690e-01
-4.754381174337163340e-01
-2.468017920738324045e-01
-1.592147609635360395e+00
-4.477054488664157783e-01
5.667894734291119008e-01
1.366630023712310349e+00
5.669505000915370241e-01
1.117547898487374347e-01
1.108626298567809698e+00
-9.925425397199807431e-01
5.024102383848307873e-01
-1.435115819943568294e+00
1.077768802910207491e+00
-1.797960953671464412e-01
-1.225986523433647279e-01
-7.913348008297884650e-01
2.465579150267609432e-01
4.778164390698017017e-03
-5.474040664009385271e-01
-7.834736511887196997e-01
-5.678692315204088015e-01
-9.683509119713153146e-02
2.383176751009591365e-01
-4.115196097228110972e-01
2.530695031394719630e-02
3.285625408465573383e-01
-1.131529203944646511e+00
5.429029388855541871e-01
4.330326949659273339e-01
-6.641585184598945979e-01
1.019541728842958239e+00
-8.050821607263242141e-02
-8.795065700085877847e-01
-4.604589178104963598e-01
1.594630358070555642e-01
-7.738091131372624165e-01
1.129573236904371836e+00
-7.559312985516810635e-01
1.024945529513229037e+00
1.781665549047445340e-01
-1.228723074746675484e-02
-1.287064800519336361e-01
-6.767463928797108341e-01
2.939358945285722724e-01
9.519707463725728402e-01
-2.840134972331358476e-01
-9.462381978541207772e-01
-2.169918011821156956e+00
7.482923994554870895e-01
-3.024927420287010782e-01
-4.485039745127984423e-01
-1.271578074055361718e+00
-1.986583285382988173e-01
4.005769858279392137e-01
6.087605199528762778e-01
9.994211977851685802e-01
1.166111538013829552e-01
-6.661354635251806044e-01
-9.158972202702341248e-01
-1.023469906471801139e+00
-6.235375468165160751e-01
8.986322584025011051e-02
9.735854623283493603e-02
3.093363137848877953e-01
-2.501825328056034303e-01
-1.176207778353402400e+00
-3.556399675926784631e-01
6.049201724932862234e-01
-1.133634050063548226e+00
-3.214195603177177896e-01
-4.339798892513846429e-02
-1.610149706369830569e-01
-1.523548384998889005e-01
3.048753320955457924e-02
6.106040362377987418e-02
6.113769695965396572e-02
-3.705594941885523852e-01
3.113057137845444133e-01
6.628358687831927831e-01
8.771357446980687644e-01
6.077010435331550164e-01
2.586738112574752391e-01
-8.285705112762573599e-01
-2.029702524790534812e-01
-4.577414347959217755e-01
-1.244572167483742192e-01
-6.292768643510870952e-01
-6.056160701215798081e-01
5.002920968437516436e-01
2.299905805801698844e-01
9.111870100604135825e-02
-6.705827502509456584e-02
4.907459676713266106e-01
-6.394447788197219484e-01
5.136966301330471441e-02
3.401654233116328807e-02
4.344176499169445926e-01
7.539247760334633064e-01
3.978616096185564333e-01
6.642259869136876715e-02
-5.232197236044186517e-02
