1.000000000000000000e+00
3.464099383920695718e-01
-3.884275983456300652e-01
8.433147473988349407e-01
-1.000000000000000000e+00
-1.635999790243867213e-01
6.416024304177467275e-02
-7.823618778048826439e-01
-3.848879100553054822e-01
1.879248179118697959e-01
1.745787632261253386e-01
4.497766090396531080e-01
2.225518768973195893e-01
7.475277352562151867e-01
5.141356018393281602e-01
9.024538985487265963e-01
5.633602113740607820e-01
-4.036701701156295008e-01
-5.837238202491268346e-01
-4.512579249203475529e-01
5.219892140240948303e-02
4.832594251003008434e-01
-5.922521347676084069e-01
9.063584470526384607e-01
4.311033861231605702e-02
-2.300983436787157055e-01
-3.297103386560811672e-02
3.428607027585217626e-02
-5.066002482646095872e-01
-2.247110812422672410e-01
7.399930351460205502e-01
6.419245689120267606e-01
-8.481129365659216823e-01
-1.000000000000000000e+00
-5.185112890030914023e-01
-1.217983528854275493e-01
3.067919666944306512e-01
-2.856983839165481640e-02
-4.890368887124658670e-01
1.695302640436268937e-01
-4.654559630899247624e-01
-8.152710760317078975e-01
-5.335191902127142116e-01
-8.816441900691500688e-01
9.061578087623737288e-01
4.002671820938072944e-01
1.000000000000000000e+00
3.197039842429654777e-01
-6.425753080378590054e-01
3.916468651692595060e-01
1.000000000000000000e+00
8.552692362864016129e-01
-1.000000000000000000e+00
-4.020151121808161754e-02
-1.395446260515266768e-01
-1.246593591088918374e-01
5.649028083952627455e-01
-2.564522274531955137e-01
-4.478608382587544456e-01
-7.120275388493692015e-01
-3.046362373144210212e-01
-3.346197275752056388e-01
1.621487214098493723e-02
-5.728668873409211715e-01
2.625603528190751934e-01
-8.920731879522927343e-01
6.894538984375859769e-01
7.087876638407419883e-01
-2.319280275716614492e-01
4.798047411004613405e-01
4.260118241916343029e-01
-4.813226110675407066e-01
7.362633519207819610e-01
6.125706418789942376e-01
3.676109633493620521e-01
7.571453235229808065e-01
4.237398329759983207e-01
-8.435596786222914201e-01
5.128650472182669784e-01
-2.016629606562303501e-01
-2.865226009712502631e-01
2.193556673227015363e-01
5.598722082315841370e-02
9.422731925449485679e-01
7.980655528569459145e-01
2.745362078309721010e-01
7.807580593192192664e-01
7.776658243223560918e-01
-2.562195378496899822e-01
5.297236469126483938e-01
-4.263023996441085428e-01
1.000000000000000000e+00
-4.173755159504148882e-01
3.337065848353241160e-01
4.055530766845231172e-01
9.850806977356340033e-01
-5.023515612063209623e-01
-1.838531517257514791e-01
1.662466176075391155e-01
-9.323091367141578267e-01
-4.169368184096392538e-01
-9.215954660623351113e-01
-1.456813054628355586e-01
9.401319308246608442e-01
-3.496910240066705700e-01
-3.121219496073671662e-01
7.005962415685197675e-02
-3.072666239791561615e-01
-6.309030255565116763e-01
-9.466510031166296413e-01
9.815649729075900942e-02
1.327228483839224538e-01
-1.220410711477215582e-02
1.568609285157056832e-01
7.467082885101447021e-01
-7.863525292614204076e-02
-3.183593585975901252e-01
-1.000000000000000000e+00
9.026138040478887126e-01
2.428462925714052478e-01
4.770259942034850709e-01
9.326175795413556013e-01
1.000000000000000000e+00
5.494111168909328324e-02
5.225290651518717244e-02
-2.539405656976385650e-01
-1.000000000000000000e+00
-1.811700246828539529e-01
-4.996929872574329412e-03
-4.812695515535818092e-01
-6.343037347797982894e-01
6.117562176227577808e-01
1.000000000000000000e+00
1.000000000000000000e+00
6.993284841411901986e-01
2.546680795849193268e-02
-8.728692291487737398e-01
4.973152891866151615e-01
1.000000000000000000e+00
-2.174463874716726364e-01
-3.811324553332857690e-01
3.614197342389292855e-02
-1.060165961584458721e-01
-9.633261815952446350e-01
-7.953023871779626441e-01
-1.000000000000000000e+00
-8.708093532648261692e-02
1.000000000000000000e+00
-6.274090392270126326e-02
3.552664190789285859e-01
-5.014697996195711660e-01
-9.062683785172142015e-01
-1.389634392226613002e-02
1.000000000000000000e+00
-4.282116776280980308e-01
-1.988989789433112942e-01
2.072138225685387081e-01
2.846594798712278052e-01
-9.307229906784850737e-01
1.000000000000000000e+00
6.696973499653824380e-01
5.546703134062567209e-01
-7.002136613008620447e-01
6.472888909179048689e-01
-9.037222689433079825e-01
3.614305740116744436e-01
-5.910752562207597371e-01
-2.913636295669301823e-01
-4.979045320127424290e-01
6.956465332694885539e-01
-6.446263042061295412e-01
8.042519219438510891e-01
-8.012250917813036333e-01
1.546214799825958441e-01
6.919948312486412512e-02
-3.895875800769393327e-01
-9.920222990520310979e-02
-4.259250316313696327e-01
-7.253229337288291667e-01
-5.526007928026505089e-01
-6.191554159730797702e-01
7.334483280386983051e-02
5.203590910107750434e-01
4.728601220863093424e-01
5.405757465436485942e-01
-3.514609136552188096e-01
3.558393090096457212e-01
-1.675985838555404395e-01
6.508843714778034251e-01
3.475106364500141765e-01
2.169242011252647817e-02
-3.554837790998016667e-01
5.421719114325052047e-01
6.183133673757350568e-01
1.000000000000000000e+00
-1.571450688905340065e-01
2.109127523156305306e-02
-6.367446167523673761e-01
-2.895977185352195393e-01
-5.105446130903026347e-01
1.278746596882834596e-01
-9.731594889308565755e-01
-4.555015904762133028e-01
9.696625786646362322e-01
8.995045258821536549e-02
-2.580472051351968554e-01
-6.746757118417723298e-01
-1.000000000000000000e+00
7.594939854342330765e-01
-3.136368032815538553e-01
-2.161982607986412952e-01
-8.299392478018494668e-01
9.691170212253028549e-01
6.255393900993664325e-01
3.430839539012007222e-01
-9.989228782511956339e-01
-3.873086826879761357e-01
-2.868297364485193901e-01
-5.386606083222417185e-02
1.000000000000000000e+00
-1.965594415902062464e-01
-2.206721313561306186e-01
4.141353731485855061e-01
1.236662829546508052e-01
-8.667561121379697975e-02
1.000000000000000000e+00
1.000000000000000000e+00
4.365609952145415029e-01
1.970008449704792053e-01
-1.051507190408285664e-01
-6.335717931490453259e-01
-3.389474772428380800e-01
1.007407249560519913e-01
-3.397880385959271832e-02
1.532726771075972605e-01
-4.977641301167470833e-01
4.959018529895228289e-01
1.000000000000000000e+00
4.273933136359258089e-01
-9.420214037123266770e-01
-4.846818549154812139e-01
1.000000000000000000e+00
8.095499216081286642e-01
6.290309803084649376e-01
9.089005069712283169e-02
9.197758759098867420e-02
2.764720421439172959e-01
-7.068641898739934648e-01
6.765128803496536225e-01
1.000000000000000000e+00
-7.497249452508403245e-02
-9.870807816413496028e-01
-9.149195070927643725e-01
-6.623329484318734028e-01
7.010033528924550783e-01
-3.572620723533749265e-01
-7.733773657823205250e-01
4.560786930370702708e-01
5.614951498537384955e-01
4.736559055705086285e-01
-4.566362949835516688e-02
3.100717702252047681e-01
-2.756322151374182017e-01
4.860273734232528620e-01
6.460366553474420348e-01
