1.128456813795354341e-01
8.047213726596064154e-01
-8.078563673126263334e-01
4.761016820131304117e-01
9.966870618587131414e-02
3.526379940349584907e-01
6.807944536119130419e-01
1.599655891059249824e-01
-2.383250852861719671e-01
-5.504192576306559115e-01
-2.673893845256821722e-01
-8.168035785802117976e-01
7.288254125155037011e-01
3.488662616578857567e-01
5.712747294690699862e-01
-3.286868130474405181e-01
2.455368902395865804e-02
-2.036895615483036159e-01
1.573683498466604824e-01
5.032006025920939818e-01
4.007985179207314563e-01
6.965805583407653767e-01
5.292348089738636574e-01
-4.199956707641099296e-01
3.483010424593722676e-01
8.431309378358842199e-02
-5.536754688030721266e-02
9.570475057638382077e-02
9.355418056817086381e-01
-1.000000000000000000e+00
-1.000000000000000000e+00
-2.134025935052415723e-01
-5.674215033591839541e-01
6.450464802458599767e-02
-3.694489951540602113e-01
9.461899388669468003e-01
4.029246613076689632e-01
3.184429477682278464e-01
-4.649022389686338630e-01
3.862126833251973423e-02
7.864043489001033560e-01
1.094574155980741620e-01
-1.000000000000000000e+00
-8.845141048495098746e-01
1.835476773172570741e-01
1.275664770675065396e-01
-5.526730393972036914e-01
-5.159710526113236995e-01
-1.000000000000000000e+00
-6.647962140747492032e-01
-5.483245910252178001e-01
3.274022450284870267e-01
-1.000000000000000000e+00
1.000000000000000000e+00
5.064212443030477462e-02
-3.863833294567221022e-01
-3.684844551922307754e-01
4.189789009819627763e-01
2.998654246839949078e-02
-5.581924603619691228e-01
-6.320922063233616051e-01
-8.191112859804984270e-01
9.426976771058326321e-01
-1.000000000000000000e+00
4.229127378724034658e-01
4.919547623219106547e-01
-2.918387259870057759e-01
-1.372214711714850321e-01
-1.000000000000000000e+00
5.254032759259981145e-01
-5.517158113196150016e-01
-5.568235695389546214e-01
-3.812196908578402987e-01
-5.698300677900122180e-01
-9.151290827874990208e-02
-1.000000000000000000e+00
9.764714048085293419e-02
-1.000000000000000000e+00
-1.873659792874426688e-01
-6.738809924190233280e-01
5.864992771807906596e-02
7.199993742752606174e-01
2.389613119954913101e-01
-1.905422892186841022e-01
-3.870407377307710783e-02
-2.025755306554036794e-01
-9.714893371739060646e-01
4.767206655691930833e-03
8.978121852186105034e-01
3.854333862230382435e-01
1.000000000000000000e+00
-3.868799802870723781e-01
-2.045811585446598579e-01
4.449497452137569087e-01
-1.000000000000000000e+00
-2.449825060904514407e-01
-7.191566140249743277e-01
-3.141129807005430541e-01
-1.948970930489093423e-01
7.937146793957162716e-01
3.840846952435171269e-01
7.800494277009731858e-01
8.344261076628972651e-02
-3.618087217172692993e-01
5.978347276271798183e-01
1.669520346755526408e-01
-3.224316037998203321e-01
5.791279677362328737e-01
-5.703123073433928880e-01
-2.520621706906830406e-01
5.188452395790476013e-01
9.994146709992663968e-01
-6.223679479563053452e-01
4.478614184799704079e-01
-4.305812396622366034e-03
8.614905128176725269e-01
4.161858825981832460e-02
3.539888900446319653e-01
-1.000000000000000000e+00
4.547529642923077153e-01
-2.558227560608443696e-01
1.785350724753238250e-01
5.999329674166841153e-01
2.147539210389291520e-01
7.930614894244244484e-01
-7.675432232164525193e-01
5.624142290063371963e-01
7.493581977653795967e-01
-2.968485477180008436e-01
2.122355222350533199e-01
1.000000000000000000e+00
-1.905668393053709109e-01
-2.238325873909226271e-01
-1.653666624124333073e-01
4.405054731603874618e-01
-6.079398896841265998e-01
-8.973593054229735966e-01
-8.986666077233937955e-01
5.489307965837280090e-01
-1.366137021718645816e-01
-9.747772495153471661e-01
-9.382382530702241263e-01
-7.741819259549729271e-01
1.702999842214624748e-01
4.681662026007917810e-01
2.436952513413075116e-01
-2.596283716605719827e-02
6.857139003963442780e-01
-1.945712879388097893e-01
5.297817571436053141e-02
-5.397719169133802231e-01
1.638528791287423569e-01
-2.171150164098121782e-01
3.911414035991774840e-01
-4.906728429452439921e-01
-1.579921357295613893e-01
7.365819222760638940e-01
-2.187640671058221353e-01
7.901958320534935298e-01
2.437767605831714091e-01
3.625057902846759439e-01
-1.967840159650307563e-01
-9.161035737733487228e-01
-9.845933043588811495e-01
2.202930330889228405e-01
1.668604147824951089e-01
-6.862696722917643877e-01
6.037804140450778179e-02
3.130111602392171566e-01
7.554619400127812190e-01
1.000000000000000000e+00
-1.624421207358211494e-01
4.609417053279558640e-01
7.392990479212366850e-01
8.277487232825188057e-01
-2.121794713207210137e-01
-4.258185567561136031e-02
3.569024663993918267e-01
-4.318393039299689984e-01
-3.202957931783658174e-01
4.336854016475069074e-01
-1.000000000000000000e+00
1.003732437929909793e-01
9.093755707823435452e-01
-4.984100633827051041e-01
-6.695777998832335154e-01
1.000000000000000000e+00
7.536386259078851069e-01
-1.000000000000000000e+00
7.740203669026990418e-01
-2.011992619760565593e-01
4.746854873508574713e-01
-1.128120535036196137e-01
-7.110646635707851271e-01
-5.471728401462412350e-01
1.151965879312185081e-01
5.303964952865797278e-01
-3.359278525940185278e-01
8.962417842609717855e-01
8.309015102474059944e-01
-5.405318442853334071e-01
-2.828348981262313044e-01
2.820913521738239726e-01
2.370415419272599578e-01
-9.622974589616603569e-02
-3.216106653189094167e-01
-2.555696125038657285e-01
1.000000000000000000e+00
-6.813670347858912235e-01
-7.023680722034787438e-01
-5.354316663242739138e-02
2.458140125368339368e-01
-2.347701487358157812e-01
-1.000000000000000000e+00
5.293698923544105650e-01
-4.812367119209465804e-01
-5.900162071237919914e-01
-1.757643958947562868e-01
-1.604849800218391409e-02
8.883081494887706819e-01
-5.764726920582170511e-01
-2.787541699721092225e-01
4.582716245496141205e-01
1.000000000000000000e+00
-5.558446063087039146e-01
1.172845330724726909e-01
-5.782939509517203147e-01
-8.325967031483090253e-01
-3.487776567175908671e-01
-6.529325101930751885e-01
-4.459948004569844193e-02
1.982680796801919443e-01
3.842411499325245616e-01
5.882257438713048847e-01
5.806300791094626268e-01
-1.000000000000000000e+00
-5.575575238942248602e-01
8.959181541845399055e-01
6.796263866847659374e-01
-4.204426414430569858e-01
8.682741544256186716e-02
2.629216603309239564e-01
1.000000000000000000e+00
7.709549001328226403e-01
-3.543886222861336588e-01
4.724628385747224324e-01
1.000000000000000000e+00
4.762058995588188681e-01
6.670897045392141234e-01
2.716070276093088820e-01
-3.354130398140907632e-01
1.418932719800771736e-01
8.897865947299823386e-01
2.589768942587953315e-01
1.000000000000000000e+00
8.750958675854741964e-02
-1.000000000000000000e+00
-5.985534765783019628e-02
2.577599200333062224e-01
-4.430039672447823595e-01
-1.000000000000000000e+00
-2.016897111211589100e-01
-4.513780840127031846e-01
-2.266343079169812480e-01
4.960514346500017324e-01
