-2.349857008717748386e-01
3.306399738396144650e-01
-2.249620627961479991e-01
-4.225327829408228597e-01
-4.256569116587433088e-01
1.425967347348480629e+00
-2.201628141296283273e-02
-7.482137162247934903e-01
1.462464823317124185e-01
-3.012969396402959132e-01
-3.287447002561835196e-01
6.592153620116043833e-02
-7.271124504136109445e-01
4.620608535002453943e-01
5.594575021266359194e-01
-2.367137653859065216e-01
-5.462290173270916149e-01
9.996134306409110160e-01
-9.290471023559009056e-02
2.127764416789865859e-02
7.208246759931637992e-01
5.670098968580372656e-01
-1.801342930434310374e-01
-8.914901497533417318e-01
1.115771222598007789e-01
5.743455071508520859e-01
-1.184558060115278533e+00
7.295208076460217850e-01
-6.139653377130078749e-01
-4.052020945619977388e-01
1.253643171258016054e+00
2.753258739751659467e-01
9.396490130595653856e-01
-1.313733642370492893e-01
9.991092405462724813e-01
-4.028044774396654648e-01
-1.516197546273486019e+00
3.185352423358872032e-01
6.528507831859438060e-01
-2.093261366670714496e-01
2.022206834967172073e-01
-2.038663488526898382e-01
-7.718406723166222339e-01
9.985159635463171368e-02
-2.208722484178976320e+00
-1.437186239101690965e+00
1.345770659896287080e-01
4.866325844646046228e+00
6.209217809019882406e-01
-1.892901059615709203e+00
4.978894293334263366e-01
4.747085690080809495e-01
-1.220199299721202779e+00
-5.553201713563351571e-01
3.943427573650706286e-01
5.509041383575835615e-01
2.341766755690480872e-01
-1.526767471903922868e-01
4.482351078594535299e-01
-8.825785826906628051e-01
3.696168069929355315e-01
1.863914281033884013e+00
3.506465448453626177e+00
3.379024793913935065e-01
-1.718193201257512293e+00
-8.621304530875782968e-01
8.219380724235143543e-01
6.189835281216585772e-01
6.673863948807112756e-01
-4.504933126824053197e-02
3.221580676162338897e-01
-6.709554924008201970e-01
-3.836518597046871815e-01
-4.703922990486196221e-01
1.191749138504229477e-01
3.048674967116937751e-01
9.319749715572565041e-01
3.884425326113476462e-01
-1.331583525739554519e+00
1.506707976983037434e-01
-1.546897512863822266e+00
-1.213847920352366438e+00
-1.143504644667912240e+00
-2.006199497409982546e-01
-6.349696024738489264e-01
6.190358184179785006e-01
5.166437929949845298e-01
5.687335067185064208e-01
-1.575791275404131664e+00
4.466685774841170908e-01
-5.877580695183852455e-02
-1.054088882473569189e-01
-7.434799542268539785e-01
1.346670933766175082e+00
3.187824918399887464e-01
1.047923829252377509e-01
-1.018777316601437166e-01
6.324094036272251973e-01
8.064746474086216255e-01
1.808199313093774782e-02
1.174149293796580062e+00
4.768411531150335003e-01
-1.794192991810247273e+00
6.647424678859803482e-01
2.225608493399590659e-01
7.753316476235265764e-01
2.527474428087664315e-01
1.101918429647067432e+00
-4.147681081233460798e-01
8.164700133674808458e-02
-1.669959898258862041e-01
7.892783026321441575e-01
1.262123141416226613e+00
-9.822604813825352998e-02
1.536699798250714677e+00
4.192600953318276202e-01
-2.074776768346345557e-01
3.133240057400067669e-02
-3.117128739763221079e-02
9.443852328955767983e-02
-3.440674374822605963e-01
-3.298673328802304017e-01
-1.124144085622447303e-01
-4.925222961653564768e-01
1.089486780056052317e-01
-2.411569757964532323e-01
-7.715946731412335335e-01
-2.529939647963165283e-01
2.731850577680089431e-01
7.920783587673245751e-01
3.219714757869789334e-01
-7.554638675271445614e-01
-7.821196121596741824e-01
-3.652459957109129851e-01
1.579604687225416304e-01
2.266337319628017322e-01
3.493969526919421271e-03
-8.730384126634979092e-01
-6.173856828777999350e-01
2.851969664389394366e-01
3.447323401814749166e-01
-1.369185443088839937e+00
7.378343697791227562e-01
-7.998738979553990380e-02
-5.888854521020303601e-02
-2.801187534862970896e+00
2.824662596136224835e-01
3.204610937225870204e-01
3.292115096579581457e-01
-3.223187034468021905e-01
5.315739102260100823e-01
-1.085150061574065905e+00
-2.178039838574745979e-01
-5.456751451930834662e-01
-6.432999435341019145e-02
7.911119283457248574e-01
-1.045658568780943654e+00
-1.232097177263289794e-01
-6.164498929190256327e-01
4.183205831758027848e-01
4.182586953501072347e-01
8.233095733865184451e-01
8.303391886453559412e-01
4.574400506640661779e-01
-1.047163432823612794e+00
-2.320064080669232975e-01
-4.989408083683557343e-02
-5.928756682610161408e-03
-2.654223419666026373e-01
-4.957694077305722230e-02
-8.663408280156387198e-01
-8.098271308888684850e-01
1.169741473322024827e+00
1.701319395565567827e-01
-1.871190258008566532e-01
6.132492388286022722e-01
-2.082329577906736617e-01
2.425635168244128503e-01
-2.254792306237006771e-01
-7.872897032085218738e-02
-8.101556840847546903e-01
-1.139497680874542507e+00
-6.502654511677334881e-01
-2.782059806274602698e-01
5.264616185881410004e-01
3.833371551554459744e-01
-1.292524292859943968e-01
-1.049823462700786025e-01
-2.881071541379415790e-01
-1.472778292443143733e-01
-7.547093941116441718e-01
-1.933666527905932297e-01
7.917619646612102102e-02
-8.696940147902401108e-01
7.443821593518898383e-02
-1.216582061803125059e-01
-8.734670372486275092e-01
-1.014477247311839497e-01
1.017495862031162934e+00
1.917084149809603413e-02
-1.587797672212419298e-01
-2.623271313205718935e-01
4.058660661671197878e-01
2.852681104372902232e-01
8.771995172204122282e-02
2.847724407914420941e-01
4.963423426978850750e-01
1.498815698557053044e-01
-1.362591896566376359e+00
6.958798706118436428e-01
-1.080127247978837524e+00
4.149787446004110647e-01
4.197444437624997526e-01
4.507883491468959170e-01
-8.142087664529118474e-02
-4.305330378042798722e-01
-1.009477352945667428e-01
1.633982647950108724e+00
1.218367456955044670e+00
2.140631330575749613e-01
6.561186534059088027e-01
1.337616596570899152e-01
-5.336555009274183276e-02
3.125350688558979906e-01
-3.041843527601752473e-01
-5.325448406306267923e-01
6.273209266785104710e-01
3.107001546249641422e-01
6.637261706403572992e-02
3.960447724124295243e-01
5.788612040871765618e-02
-3.632619974284567732e-01
-6.233095659044748382e-01
7.243986731054021799e-01
-1.346890196395718498e+00
-2.045683506034887134e-01
-5.108992429900883758e-01
7.093168650418513188e-02
-2.052570851072768043e-01
-1.169977977382426593e+00
-5.455477229401608064e+00
-6.072023442588494468e-01
9.215182224330825678e-02
7.233445400686538962e-01
3.395742699054356883e+00
8.971973728851925234e-01
-1.079322658837868376e+00
7.961788890444123634e-01
8.481792074565119854e-01
-2.442626684377332547e-01
3.627295783739334922e-01
-3.146527490261055160e-01
3.288576458518396306e-01
3.698680481943820153e-01
1.003567213588844181e-01
1.729332723879177247e-01
-6.195023566892674527e-01
-4.564369171043413664e-01
-6.059651282762209545e-01
2.064163420353531953e-01
1.390801172397927721e-01
7.917259423858357126e-01
4.330924784951160067e-01
-1.490355150848472032e+00
-2.460826174501009600e-01
