3.408572531912303916e-01
-7.194085791136164421e-01
-4.017382198751644484e-01
-7.561075088164261049e-03
2.207628045326023858e-01
-1.409860134367789897e+00
-8.344063261760974459e-01
-1.129495870187767342e-01
8.120130501480777863e-01
-3.782010991682147605e-01
9.920341533944039281e-01
3.947914294872850061e+00
-1.342674432838586451e+00
1.224494969633679736e-01
-2.980358652241936745e-01
2.874449983425257926e-01
3.134840366383230048e+00
1.120543655662939564e+00
-5.848319795335432669e-01
1.321895658725702472e+00
1.654108298260945631e-01
8.839173713221117890e-01
7.203025994494161033e-01
-7.598679887146329026e-01
-1.311723306852369611e-02
1.275966802280140255e+00
6.177694080836876322e-01
-1.528471913839137275e-01
3.817501449104039324e-01
1.275559374234871424e+00
-9.430198073833799821e-01
-2.527991415153462151e-01
-1.544953929449109364e-01
2.532760030565627263e-01
-7.954723011973114932e-01
-3.792348465076762487e-01
-5.901274107869072250e-01
1.020993310615479821e+00
1.267666528346920618e+00
1.202407702140778412e+00
-6.403912041085657592e-01
-7.901448277887650473e-01
-3.794184623164121306e-01
1.589699211856220096e+00
2.449525730257547385e-01
-4.072866819265162364e-01
1.380121059197495725e+00
1.127503724386358375e+00
3.170887119729121073e-01
6.086555630529470740e-02
4.514543682233422284e-01
-1.592140198595516365e-01
-1.760216803771135208e-01
7.776008612349857296e-01
-2.961504398060640142e+00
1.014463176692851798e+00
-7.044638121143989018e-01
-5.626173279390394438e-02
2.717014347079307335e+00
-8.157233987823173660e-01
1.637262690009153587e-01
6.170489571959487662e-01
2.681689448502729833e-01
-2.167069348362936701e-02
3.897523562008877174e-01
-3.859385247721134338e-01
2.244303880418450525e+00
-4.021839616027789166e-01
-5.481696910397000355e-01
2.511637810182423269e-01
-1.245475371251208996e-01
-3.415236325048216504e-01
3.231114533570400571e-01
1.188386059984209542e+00
-5.247707630556571745e-01
9.092957975138035720e-02
3.281377385183613660e-01
-4.124828185955586868e-01
-2.363864049762756103e-01
6.947739038483644602e-01
-1.143840920605413203e+00
-3.959546155732902029e-01
-1.152159918771351599e+00
2.898844768738229938e+00
-9.250934482107634471e-01
6.570008046325122308e-02
1.061981790045333912e-01
-2.507980685669262133e-01
1.548640086330815180e+00
-3.786374907768133569e-02
7.853835674052747073e-01
-6.975330809476687488e-01
-1.048667646016577581e+00
3.389547786072203417e-01
5.626376427898376331e-01
6.739545744511004077e-01
6.203930326240134630e-01
-3.764862670618382978e-01
3.778614480089385275e+00
-5.067169779520748207e-01
-2.439485179024698247e-01
3.979205571096785521e-01
-7.922170129277473771e-01
-1.540347191767417190e-01
-1.796949200682667058e-01
-9.740742230562320358e-01
-6.065545538759142818e-01
8.846888289498322511e-01
-4.717760780306474167e-01
-2.276039599368138155e-01
-3.934747494725542721e-02
7.446316408032480627e-01
-1.361951032004603823e-01
4.592114794326635496e-01
1.341350685594175363e-01
5.890841731264657988e-02
-8.286317189946883488e-01
-4.717850786870558810e-01
1.562861968044232164e+00
7.201317908991731187e-01
-3.118713669326143023e-01
-1.708926475076139262e+00
3.837230411293685028e-01
-1.354460580304412520e+00
4.098251952096014783e-01
-4.647881810878012887e-01
-2.914820734886455211e-01
-1.614543158863540384e+00
-7.009940379460969373e-01
-1.804452602815126983e-01
6.783566483860212770e-01
9.048065391544940494e-01
-7.913859695235539449e-02
3.739245706988679196e-01
1.242333998466068179e+00
4.147916718166164696e-01
6.243002485953270675e-01
-2.846646115309849900e-01
5.800424293319816904e-01
-7.649761216946868725e-01
2.205005849235046056e-01
-3.826705853145758729e-01
-2.618126440326506987e-01
8.310698407735883642e-01
-5.749697046276722179e-02
-4.632261469240130936e-01
2.625065149628560413e-01
-1.094928457322456694e+00
7.653621322973876984e-01
2.193318755320261548e-02
7.193007213122529775e-01
-5.387918389199073399e-01
-6.550207012186036737e-01
-2.451515389117019605e+00
-4.426469068397814732e-01
2.180203438980173741e-02
-7.742879043011469120e-01
-5.313984664776367772e-01
-2.746167812187483293e-01
-8.697621627480325857e-02
-4.600783466538363342e+00
-8.272923114825772029e-01
-1.705717902119282398e-02
-1.934129743355487430e-01
1.531108664327909707e+00
2.162742145773996483e-01
4.703711608982467096e-01
-9.457377297735648503e-01
6.753726413309971699e-01
-3.609777053372505984e-01
-2.958819085789455849e-01
8.147156784116895700e-01
3.848338433311312423e-01
5.996220162037987356e-01
1.485423696164281715e+00
-9.060623565775411947e-01
-1.239764715319924271e+00
5.557530746569052660e-01
-1.821103907151892631e+00
-3.505789662460984113e-01
2.969982502171757965e-01
2.506454936877702266e-01
-5.684012013592305845e-02
-1.121364900222736827e+00
6.629587567232825274e-02
-6.827904495993006861e-01
1.806696970064817442e+00
6.882917713943947913e-02
7.697381880312331726e-02
1.013090214159242830e+00
-8.570998284911907072e-01
-9.867914256878786983e-01
-3.654984716773894138e-01
-1.027172778814614329e+00
-1.960173708963062339e-02
8.509945447833440202e-01
-1.140500351524398548e+00
-7.459002472112368221e-01
1.002900081819059874e+00
1.701852248852924257e-02
-7.675018100676074262e-01
-2.875750661150457965e-01
6.976930637524181300e-01
3.100258698567314175e-01
-7.739964135815246005e-01
-2.125906631815965009e-01
3.678199363008982647e-01
1.847299318347166430e-01
4.943921670635486043e-01
-1.878685292059318890e+00
-1.819765993606834442e+00
-1.071489753012433876e+00
5.672410055753391855e-01
6.595773195572636471e-02
5.838069936512335634e-01
-1.060038840768306123e+00
1.412081871384785470e-01
-4.985158421725081057e-01
-6.260521189541411458e-01
7.067787045977429183e-02
-7.028423603832321120e-01
9.284015047396154685e-01
3.038457287525774264e-01
2.323326084700096938e-01
-8.999836355164598789e-01
-8.387826009461077925e-01
3.585163558053928723e-01
5.130530679190543619e-01
5.686256248248757750e-01
7.368082444661198105e-01
7.199539511443933115e-01
-2.892341548827154218e-01
-4.536613767594055435e-01
7.390052505635430480e-02
1.114426871734236713e+00
-9.121696422768419410e-01
1.329332463358920524e+00
2.751466341181714625e+00
-9.144251746935019853e-03
5.018386275886137504e-01
-4.872568077234150086e-01
-2.807449870673195402e-01
-2.625991136867046327e-01
1.594329774672880173e-01
1.056093012518865670e+00
-4.755400473648183080e-01
-3.251759779214240531e-01
-1.240115503520339002e-01
1.513111270128296049e+00
1.316044903714023384e+00
-1.401852021736020415e+00
-2.744978989780870737e-01
7.088098493210404083e-02
-9.438777888840523822e-01
3.508478658678673145e-01
-1.602912155475842704e-01
-4.245424674771954843e-01
1.661294516225408913e-01
1.988628479917931013e-02
-2.253204224506701880e-01
1.521468235475230690e-01
1.701118952727346256e-01
2.820779373756494846e-02
1.249265442686584571e+00
-8.374159738511284534e-02
