-5.900279498010547741e-01
-1.534332894991933260e-01
-2.359617435957767073e-02
2.836755741851401114e-01
7.463993193731949249e-01
7.346536097505993457e-01
-9.513398720964598709e-01
-8.981814788912000358e-01
-1.173409534082279215e+00
-1.071543807372893481e-01
-7.834912175430559511e-01
3.197275153373936862e-01
2.771662941186791018e-01
5.778691835924356646e-01
5.450624014025425845e-01
-2.148109756194975239e-01
-5.301445361325036743e-01
4.918523319645235620e-02
7.149311240691804681e-01
-1.156066669236016864e+00
-1.069545407780283952e+00
-8.694273042343647617e-01
-2.508608574883571807e-01
-9.711096385735932257e-01
4.381464669923202382e-01
-8.213116667610111110e-02
-1.214867908910067129e+00
-1.554701401121899584e-01
9.470092199748188222e-02
1.573475684700988086e+00
-1.508349474894142284e-01
9.931179823073248425e-01
4.095215171059864434e-01
-8.276139012491834368e-01
-7.875740220105711398e-01
8.572785796287570870e-01
1.643174844854325412e-02
-5.124122189325797105e-02
2.367175335608186215e-01
3.988718991687897897e-02
-4.652906561386449535e-01
-5.293228540297026941e-01
-1.035796093039943688e+00
1.497946576422291454e+00
9.215297858596467329e-01
1.997792260481752458e-01
-1.213761463244098227e-01
6.988415678885677718e-01
-1.092497030269067082e+00
-2.466537740667374412e-01
-1.533985851198271355e+00
-2.176150273917625277e+00
-1.838217664923633254e+00
4.182040332832085427e-01
1.323886620397214386e-01
-2.180312909725126147e+00
-8.234235527822953982e-01
-1.679959198913879348e+00
1.531979943381246434e-01
6.745393807346778958e-01
-1.603206040682079170e-01
-7.986184819275224944e-01
-4.168393710520431061e-01
-1.510529952047092173e-01
5.448019336525210532e-01
3.295765193877278065e-01
5.449498995860588835e-01
1.392554320004116622e-02
8.382914453556052914e-01
-1.791334715567492186e-01
1.303982620651118474e-01
-1.991442444560775904e-02
-8.512097103300020340e-02
-3.242050821451013531e-01
7.894044364893607613e-01
2.772296136622600660e-01
-6.095291852773476737e-01
4.715461495887904864e-01
5.090727074748230968e-02
-5.327996704939783612e-01
-3.916566640509004937e-01
-1.146210557049323481e-01
-1.033624416152401082e-03
-1.832827401968921244e+00
1.081227935313507776e-01
-1.693489786529044916e-01
6.625823579092382509e-02
4.000437754977840266e-01
-2.615821155930495578e-01
5.329330352747128074e-01
5.290979502863524253e-01
-1.474192617088523338e+00
-5.990680989923297117e-01
8.459216446161472724e-01
-1.415715134933346886e-01
2.168929771393217187e+00
-2.936809852682649713e-01
-3.584979913867921697e-01
-4.403923414367000300e-02
-9.524673414719228015e-01
1.808446425881897190e-01
3.418213135819493931e-01
1.081106199288422720e-01
-1.002810253066618973e+00
2.093318251841751187e-02
8.698011129697018617e-01
8.522866210861881342e-01
-5.840063803759298899e-01
3.227687652497959192e-01
-2.557716518984914922e-01
-3.812333667898808454e-01
1.632304437139961983e-01
-5.526366039649505124e-02
3.584546633821208972e-01
-4.280643912371362436e-01
7.726484345530428843e-01
-1.033531763796992908e-01
2.129405119401625857e-01
-9.215639829200921174e-01
1.461508811629124160e+00
1.059689698939535019e+00
-8.689359708534006854e-01
6.076397482986584109e-01
-1.164471449349233190e+00
2.138160785603528402e-01
-1.049178195260236368e+00
3.652922066490016384e-02
-8.005802101266085158e-03
6.863827200259694505e-01
6.825723165847247254e-02
-9.369544827760434291e-02
-3.658816038675318794e-01
-1.479615651341253391e-01
-6.586017830211574609e-01
7.651089727906794646e-01
9.617224181180561438e-01
4.793504748026569118e-01
8.531122917407982786e-01
1.202426486579240450e+00
5.647357024015104976e-01
1.154587251663200115e-01
-2.226885442807493773e-02
6.571878289236294801e-01
4.011426122340277459e-04
-4.723329909702173035e-01
-1.074672944867784752e+00
-4.990759622691851027e-01
-3.715705501900437580e-01
4.332427618291277427e-01
6.076052064268964159e-01
4.213623078624499363e-01
4.027036766879086294e-01
-2.749783643339727135e-01
-5.092276348841742184e-01
-6.748192366068670456e-01
-4.624281889673342305e-01
1.053163598390509659e-01
3.415812245799283442e-01
-2.393908530170099358e-01
6.828087388506227651e-01
7.548966481769303627e-01
6.041193413863010092e-02
7.706676203488588284e-02
2.754056369423617534e-01
-1.140387448640031609e+00
-6.341666810807342070e-02
6.577416690141706379e-01
2.399655539205352572e-01
-3.518069492379233276e-02
-2.619411303628412235e-01
4.884921079012256584e-01
9.156563462126009467e-01
-3.470601257502049508e-01
-6.678658082306694332e-01
3.716421827788127796e-01
3.766533771370565442e-01
-2.801278739976145182e-01
-1.691679470684426256e-01
-6.742371051844944230e-01
3.216918223699851698e-01
6.426461426063607707e-01
-5.508856834267136793e-02
-1.661913637896510199e-01
3.462035678386233828e-01
1.028958282136795077e+00
1.633406584626168057e-01
2.140211718809091224e+00
-1.196678806256308736e+00
-6.949594923993737683e-02
-7.366498961280369961e-01
-1.996794642836175193e-01
9.460108065817018907e-01
-1.032901624264955576e+00
-1.607345351110727849e+00
-1.490447732140208092e+00
3.412037859882935398e-02
1.354014402294704933e+00
1.817756290662607688e-01
-2.648343334723551323e-01
1.041133826555349362e+00
-5.552858592266038951e-01
2.461327267959482756e-01
-4.916533008843101960e-01
6.419271477139261162e-01
-4.050876721516741275e-02
-3.985484061020104773e-01
7.069617147531166435e-01
-5.277088221980126281e-01
-5.233941355671680729e-01
6.342878502580393540e-01
-3.436271900789706901e-01
5.653694621709293155e-01
5.482767911143313633e-01
-9.250981355877758994e-02
-5.891964151919888426e-01
9.288818290993379190e-01
-7.784806567577375880e-01
-2.464764159658321130e-02
1.266178410397853060e+00
8.775794304894862785e-02
5.284139357444768148e-01
1.051701308825843340e+00
-5.311356958740300893e-01
1.999112750768755609e-01
4.586302296504810583e-01
-7.265199600959306725e-01
-2.094188425452293834e-01
-8.871878905560490747e-01
1.538950128994104327e-01
-5.392686302200599968e-01
-3.276634603423554948e-01
7.201272569720296168e-01
-7.774357416971988677e-01
-2.663406766032584416e-01
8.488161157855500516e-01
1.973811538465869986e-01
-3.340299531448621684e-01
2.325749281850943984e-01
1.103155840610418714e+00
1.212232106979853341e-01
-9.504189450847322362e-01
-4.185572262151591172e-01
4.125038085985791581e-01
-8.543223355519060647e-01
5.378291004984658841e-01
-1.063926584071558601e+00
8.699901743680111821e-01
-1.478156012084605564e+00
3.060154798273550386e-02
-1.512198891233044185e-01
-1.272970173223366697e+00
-1.297521207057246717e-01
-1.242587478760957542e-01
7.158269922774442851e-01
-4.265014256927713854e-01
-1.868270285200820169e+00
-1.108850792792115847e+00
-2.227605207285982269e-01
9.353834085618493166e-01
-3.662138001639801965e-01
-9.940780729142340011e-01
-7.130434360969017948e-01
1.287474265774119608e+00
1.120525849860734002e+00
-3.065602429385148042e-01
