-6.614725891353534504e-01
9.549187689506056786e-01
2.877928403653590705e-01
-3.784469732296898981e-01
3.841854057340394202e-01
3.785870485575463240e-01
1.073250189817806927e-01
8.953919023841301617e-02
-5.459755593613990765e-01
4.981910180683893352e-01
-1.000000000000000000e+00
-2.696867166936966487e-01
-6.553886014883806288e-01
4.851285643299139104e-03
-1.102550599194626613e-02
-5.553487912726495779e-01
8.150271869671713021e-02
7.386393442892867645e-02
3.646416510744763251e-01
3.880864059488057238e-01
-1.000000000000000000e+00
7.093281049879248679e-01
-9.130676880630203551e-02
-8.151363178472108562e-01
3.456466288603283754e-01
4.903298619816541248e-01
-3.426785647612025643e-01
-7.067770804563111575e-01
-1.388639606198548149e-01
-4.139393526352113661e-01
-6.131431489042962202e-01
-1.000000000000000000e+00
1.234552373399378511e-01
-4.256548156969328089e-02
3.132464710535994290e-01
6.243269822631523081e-01
-3.269124636724413668e-01
5.817742833690322524e-01
-3.535624659712192641e-01
8.354815793257763801e-01
9.486353775822055079e-01
-1.971703975771869899e-02
-1.673006321609053493e-01
-1.569613361038678656e-01
3.046144829952438515e-01
4.191979437579290146e-01
-4.306843865118110681e-01
9.641928445919677459e-01
-8.996622501526881088e-02
-1.000000000000000000e+00
2.190490426658798784e-01
-9.559178431074970561e-01
-8.173415456907862087e-01
-7.314023331040064857e-01
-4.447872279756791003e-01
6.682261844462058509e-01
-3.012430023731930140e-01
1.882075480898190711e-01
-9.716138186645886243e-01
9.600986986590367978e-02
-7.316754933783296000e-01
-5.658905610705402545e-01
5.514450869160507362e-02
-8.997349138452832573e-01
5.439679443060466135e-03
-9.867068897992138377e-01
-9.782399576428334464e-01
-4.983294257005547734e-01
2.343632944687275010e-01
-1.000000000000000000e+00
3.714497678915051893e-01
-4.852024681850473642e-01
1.000000000000000000e+00
7.795212209457735852e-01
4.382328720663052901e-01
-2.408004059142306030e-01
4.249079913850950518e-01
-9.254295161011402149e-01
-3.139249463925098405e-01
-9.649100093366496100e-01
-4.906985340742309742e-01
4.238399548171999376e-01
2.632760456261604154e-01
1.695228965765961382e-01
2.936702222371261328e-01
7.831348411028866696e-01
-8.464569226482359099e-01
5.671316362731507743e-01
-6.423879975100461603e-01
9.485090790100481062e-01
-5.027898278895465145e-01
-7.313281095193399639e-02
6.033721249123410457e-01
-3.693560192491717742e-01
4.426830875373430896e-01
2.134722263769743833e-01
-2.012699568896836044e-01
7.798246952412440924e-02
-6.821858066712442881e-01
-7.577604554845798202e-01
3.608309916736836265e-02
3.594631360806079812e-01
-2.911920537117482777e-01
-3.022059237846117519e-01
7.854656576913061627e-01
-4.222877761420276710e-02
-9.929908370612514634e-01
1.688225708398835845e-01
-4.815671772812373241e-01
9.717877103767306179e-01
-5.821549500341893779e-01
2.623569181637195324e-01
-4.679264349574505655e-01
-1.557776133691502474e-01
1.776101787955351730e-01
-2.015382127076397745e-01
-1.000000000000000000e+00
1.395234936325592812e-02
-7.305216308180019491e-03
-2.998141323188020513e-01
9.516964885019101317e-01
-3.934223924995949861e-01
-8.416934538429965418e-02
5.592049596473107620e-01
-9.995043988525144085e-01
-5.914202504919213732e-01
9.427406398040245605e-01
-5.924552626887941154e-01
-1.469677447626774880e-01
7.274482111869576828e-01
6.386278841138606777e-02
-5.765494077157197195e-01
9.312759688210212605e-01
2.160484161628334898e-01
-7.417014549068683404e-01
4.764582520667167143e-01
5.772012180529906278e-01
5.861673024858342629e-01
-1.000000000000000000e+00
-4.010530249799590385e-01
7.906459602341908699e-01
-4.009612127572927814e-02
4.897928015464507734e-01
-2.873881162042078441e-01
-8.956761689332370935e-01
-9.293617358748254009e-01
-3.035514534196456227e-01
4.175784207563497386e-02
9.558351965118421223e-01
7.216111664209119425e-01
-6.361385630684041059e-01
-4.752673130712514737e-02
-5.839340389146363552e-01
2.035016519168686075e-03
-4.233759196891954124e-01
1.868459862158866613e-01
3.505331567712424712e-01
3.438987006760756415e-01
2.681366280794123536e-01
-8.436217784191692159e-02
-3.412806562636124807e-01
5.971784303429067409e-01
-8.162149311799017370e-01
5.233666793171053433e-01
7.484691307431923235e-01
2.978933081617848866e-01
-5.338126353576104766e-01
-1.000000000000000000e+00
1.000000000000000000e+00
-7.474378041610975354e-02
-1.264553976658938927e-01
-8.132422379497425968e-01
3.292656930657021919e-01
-7.956093896804772303e-01
-4.308715193040329461e-01
-4.568551661705364531e-01
3.062420373009926422e-01
8.413087469443364386e-01
8.705859045656605399e-02
5.736119664470439306e-01
8.497781040676257724e-01
-8.430707983454047705e-01
-4.563133799176141703e-01
3.687006367344718427e-01
-5.803895821528914922e-01
-4.317148075992393030e-01
1.352518550662688002e-01
-5.429529594646105295e-01
2.046473970437965861e-01
9.663923069222185580e-01
1.780745190404302014e-01
-6.322929654786002551e-01
-1.798623546791941197e-01
1.000000000000000000e+00
-5.729804713366852820e-01
-2.014408301514325483e-02
1.632456032565563972e-02
4.895045610647836831e-01
-1.449729909578085507e-01
-8.581442608428256624e-02
7.019586879053939521e-01
5.707349266276670052e-01
-4.125607443881147418e-01
-9.725391642293139682e-01
-6.921787469594753439e-01
-6.907789190205493313e-01
2.830837556947791156e-01
7.206150095129981725e-01
-5.219344956456677814e-02
-5.220170232232744789e-01
6.338479947271860038e-01
5.917013486365709785e-01
4.980567716743432016e-01
3.434731260338739767e-01
9.223726979116948776e-02
-6.692161568898451485e-01
-9.984633700011109614e-01
1.642498400209588261e-01
7.057656381815613500e-01
-8.756493869027033583e-02
-2.366419592304530028e-01
1.393337990533439208e-01
-4.003263254093543111e-01
5.988682480956830645e-01
-3.290840603845470169e-01
-4.775286285060813263e-02
-1.000000000000000000e+00
6.733050057491209994e-01
6.998767071854292698e-01
9.732889141832504754e-01
-7.869354497354293931e-01
-1.709777795197706673e-01
1.241970619406653278e-02
2.536330270649608254e-01
-8.834143967015520849e-01
2.682552172822152969e-01
-7.962648263799716464e-01
4.917058268741377747e-01
-7.731839188696956744e-02
1.000000000000000000e+00
-1.493202858671231759e-01
-3.785531137988036310e-01
6.055659087442684385e-02
-1.120734346718250535e-01
5.823060040149522498e-01
-4.574355034584206559e-01
-3.675972106941308715e-01
6.728273693847197645e-01
-2.458640759440529344e-03
-5.658741941999052560e-01
-1.000000000000000000e+00
-5.801322342306272084e-01
-3.857008190827874161e-01
-9.065320540243770875e-01
7.997405879140075946e-01
-9.747805558395732373e-01
6.718267750149667927e-01
3.799730264198658558e-01
3.119880227737553691e-01
2.591541232827977437e-01
-7.285200566023858348e-01
8.980355684657237436e-01
4.644830393961620341e-01
8.338658698975420780e-01
-4.396005471938099207e-01
