-6.581098874644805141e-01
9.540185405489340909e-01
2.604371352933444461e-01
2.575759550765352457e-01
3.862622655239619229e-01
4.377098084071754380e-01
-5.080827707571812513e-02
9.154523027486161091e-02
-1.000000000000000000e+00
4.592127141188756534e-01
-8.149525669426098684e-01
-7.908723059202671379e-01
-5.504959061892714667e-01
5.305315225172832320e-03
-1.114497376156010910e-01
-5.509979713743163865e-01
2.989720417309824074e-02
3.451026010822005191e-02
3.549355539276948801e-01
3.892154627576290826e-01
-9.999857798647715512e-01
7.125503037452485255e-01
-9.271170301739763142e-02
-7.594567461824891508e-01
3.669247375388810517e-01
4.966337296152608660e-01
-3.403901376053587446e-01
-7.066038331465326339e-01
-2.005283518973318135e-01
-4.117209619378852103e-01
-6.025237983759762495e-01
-9.895059789098210601e-01
1.176837149845133546e-01
-6.845416410161915266e-01
2.330787589396204618e-01
6.444048066493469618e-01
-3.273648757145088961e-01
5.881436541872087087e-01
-3.495182259582128026e-01
7.744406220710855493e-01
9.733195758253494478e-01
2.331299756243635501e-01
3.520312666983499515e-03
-1.686072927778175801e-01
3.837711953561543377e-01
3.894831087166279460e-01
-7.410880624345056455e-01
9.690740651249212245e-01
-4.417134088854878793e-01
-7.566137147338241054e-01
2.108168857381315653e-01
-9.555056542834799993e-01
-1.000000000000000000e+00
-7.091288353745690554e-01
-4.743153776318081993e-01
6.685431682426298261e-01
-2.890941620408330470e-01
1.914035116531619951e-01
-9.761751893328809437e-01
9.472433511811539919e-02
-7.642764199974982908e-01
-5.617816395253458772e-01
-2.379049176717412395e-01
-8.999995782318177540e-01
2.671762956847202608e-02
-9.847586399354790743e-01
-8.598173884235629227e-01
-6.466600047831229103e-01
2.382045179989462913e-01
-1.000000000000000000e+00
3.753670714183613977e-01
-2.638047758305883117e-01
5.827799049555946187e-01
9.068628068450037549e-01
4.306552547554011179e-01
-2.371262853903067236e-01
6.371970213897286683e-01
-9.080925221545701476e-01
-3.115499609786017698e-01
-9.890051573758524839e-01
-4.890219587989031447e-01
4.340432275244953675e-01
2.628040305030542312e-01
1.647045406665572920e-01
2.920689175771347124e-01
9.087614324803449106e-01
-8.526857894595691878e-01
5.309765847133538497e-01
-2.213228695278036118e-01
9.385238038174921194e-01
-5.051412936956009014e-01
-7.343117920031834445e-02
6.038290394258921667e-01
-3.294566401751538587e-01
1.335743735708142810e-01
2.706418541123536414e-01
-1.677500811465747477e-01
9.777435903828326502e-01
-6.814306590347571913e-01
-7.563271433931304522e-01
-3.948780724399464370e-02
1.818137482288416373e-01
-3.273648878403319640e-01
-4.033912573377442246e-01
7.869160723465498108e-01
-4.355813729514890903e-02
-9.915406842649516772e-01
1.613328840732837777e-01
-4.832124713360527735e-01
1.000000000000000000e+00
-5.815445946103885433e-01
2.676645578556331451e-01
-7.540906983777790895e-01
-8.225185621026313010e-01
4.044285488621625346e-02
-2.018408652855839536e-01
-1.000000000000000000e+00
-6.044976994809008186e-01
8.476620543123248447e-03
-2.261573544360636068e-01
9.527834724876668160e-01
-6.213845066910409498e-01
-8.441644003671974761e-02
5.787355375058929052e-01
-1.000000000000000000e+00
-5.942837042770563460e-01
5.483245057796009014e-01
-5.921697478590537411e-01
-1.862290605326536452e-01
7.272683668551556124e-01
6.457113706930547870e-02
-5.976412514185134306e-01
7.708565249079450954e-01
3.021164433577169794e-01
-8.739232576995383805e-01
-7.715577946663565445e-02
6.059234280317894461e-01
5.897890803696480555e-01
-1.000000000000000000e+00
-4.005446873362408233e-01
7.063562654781405659e-01
-1.281374695303356126e-01
6.943838822039550829e-01
-2.860437666743445018e-01
-8.987433036099448103e-01
-7.726600047592171450e-01
-2.792447772599522815e-01
1.281120065853756824e-02
9.311069241687105480e-01
6.657077922152085936e-01
-6.239535272102416652e-01
-7.288432504822493774e-02
-3.784093130194691734e-01
2.398650009766717384e-02
-7.169631373265126228e-01
1.867886383750185508e-01
3.405228202066080123e-01
3.418580993453266270e-01
-2.167459105248717155e-01
-5.616221278906133318e-02
-3.406684573849267927e-01
6.015598583042562897e-01
-8.165393696639222654e-01
5.101476145314509658e-01
9.412274596025691498e-01
2.673568710184139885e-01
-5.094316799125300221e-01
-1.000000000000000000e+00
1.000000000000000000e+00
-3.968065945750097467e-02
-1.203134635301840727e-01
-8.210430002567385976e-01
3.276037879452737278e-01
-5.339042868395122987e-01
-5.516493281294525541e-01
-3.994205376302431554e-01
4.228708151238937812e-02
8.367183038642302950e-01
1.241465181360411202e-01
5.720674707082317179e-01
8.422560825668539142e-01
-1.898825845328402373e-01
-4.564453550462591602e-01
3.086041095080711560e-01
-5.682108624363466642e-01
-3.541457380037196234e-01
4.825326494094775431e-02
-5.467860909597619390e-01
2.026962461014473194e-01
5.078163425012925947e-01
1.777791132831151588e-01
-6.331799452284090357e-01
-2.416715914356789563e-01
9.601050119047473963e-01
-9.517042199662884006e-01
5.309373350791481844e-03
1.176201550718559453e-02
5.050676874946823380e-01
-8.246026265523825893e-02
-6.530959773499861454e-02
7.008900141064571265e-01
5.970235585566224801e-01
-9.216798688038810305e-02
-8.278262728147753879e-01
-6.967875836767916109e-01
-7.022430875140698303e-01
8.583396701867224143e-02
7.236798217123652233e-01
1.333057107182353263e-02
-4.438404966939409890e-01
6.483046959679578114e-01
5.736161803656509850e-01
3.127478547352918747e-01
3.466481311695260303e-01
3.123435268252077179e-01
-4.790307444725785402e-01
-1.000000000000000000e+00
6.770463088948790453e-01
7.059867605764361675e-01
-9.258629789195911564e-02
-1.851221584428332234e-01
1.383912522207363938e-01
-3.133492806018012278e-01
5.909908784226756140e-01
-3.297020112345466214e-01
-2.557684221155004933e-01
-5.033295479415812457e-01
6.764504292892290493e-01
6.988591416064665607e-01
9.734172944975618691e-01
-7.901432000707360181e-01
-9.996715307986814292e-01
1.297217945494569258e-02
2.747934586382612121e-01
-8.844597130499085580e-01
2.730064553595206722e-01
-8.028837156300454581e-01
4.908364883727863726e-01
-7.419637679003475428e-02
9.676526040776962656e-01
-1.481303600740139781e-01
-3.678932947577404633e-01
4.678591716071958673e-02
-1.007007494127574176e-01
6.097265185308392565e-01
-5.690032813251966193e-01
-3.677218544748177553e-01
8.578465346311963113e-01
2.996317034115780070e-02
-7.822723445385286745e-01
-1.000000000000000000e+00
-6.048848786247672527e-01
-3.941399319762872722e-01
-7.435835377045255656e-01
7.920458044337189696e-01
-9.436091635800583077e-01
5.852230694905403707e-01
3.732954744095620114e-01
3.110793263068051817e-01
2.584577258095560048e-01
-7.329452238311795487e-01
1.000000000000000000e+00
4.771008062508552139e-01
8.342482521639457138e-01
-4.377501197326238991e-01
