3.382524699662795564e-01
-1.724756876114849902e-01
-3.243137365810870310e-01
-4.655102580703061044e-01
-5.677676634700329350e-01
2.803905122295753394e-01
-9.289777828518558378e-02
6.693826989172926289e-01
1.051316315507037219e-01
2.872061573867155659e-01
-1.543091499682160972e-01
-4.674429307221468211e-01
-7.830788198421754220e-01
-7.805031901804528882e-01
-3.883310682177391060e-01
2.953563311284162496e-01
-1.421078502475920935e-01
4.847505869746082663e-01
-3.320566093981053846e-01
6.784407557777307751e-01
7.828479245959971689e-01
2.065797264571013481e-01
-5.478727294438092699e-01
3.853637110862235399e-02
1.000000000000000000e+00
2.860730935661770502e-01
-3.131003243996055563e-01
-4.991259066575437497e-01
9.307122383841099911e-01
1.900778062289040227e-01
1.145294981035277770e-01
-8.442087338789583395e-01
5.999354458552142583e-02
-5.214630472681540674e-01
-3.222251287924933205e-01
-9.591340108287067512e-01
-1.000000000000000000e+00
3.216561860326673239e-01
6.345961076391986033e-01
2.429890490691301308e-01
4.503711645493967408e-01
-3.878086624248859859e-01
-9.836966332113461497e-01
-8.049230765029531387e-01
6.108633250359341016e-01
-6.123267158346363814e-01
-1.695400755813920857e-02
-4.618982005270242941e-01
-1.394638608614611752e-01
-7.580700861349780606e-01
-1.000000000000000000e+00
6.856401645106222631e-01
9.240954738719743267e-01
-6.469320967737336447e-01
6.427268216702700654e-01
8.183695133353814377e-01
-1.662578191255999899e-02
8.926430715534083848e-01
4.684179603196864106e-01
9.324379334926866658e-01
1.185695122368917998e-01
-9.366151595693963383e-01
7.852017168808747005e-01
-1.920030603371860045e-01
2.757219458658577982e-01
-1.942523398815196034e-01
8.250423385907722507e-01
1.839811804702636833e-01
9.000158898083920889e-02
1.171142899219427547e-01
-4.550019410194526270e-01
-1.035870506272187491e-01
-4.801865314412316343e-01
2.541411604317763695e-01
3.931283687600235499e-01
-2.671819935542845692e-01
-3.370594205669924515e-01
4.659097656581039082e-02
-7.592501737357388869e-01
-9.624166250609850204e-01
-7.626822432854347689e-01
7.379367547398911764e-01
2.096960893217399702e-01
-2.134555613054915923e-01
2.998970205196399008e-01
5.094110197995243006e-01
7.518107090405756754e-01
2.499688150109536100e-01
5.846831385356039412e-01
2.916776331046837603e-02
-6.201550929218683228e-01
4.564566475460758999e-01
1.361114115184896556e-01
6.632116270604548891e-01
-7.296322164176388680e-02
-3.198642841360387346e-01
-1.605679052336890511e-02
1.357449917137020234e-01
-9.693263876599168549e-01
3.031019998391102366e-01
4.281899625679702615e-02
-4.709122799113262259e-01
-8.511375607879483329e-01
4.663892829246155669e-01
-5.004458946004081143e-02
3.855327799431467195e-01
-4.341935636934740605e-01
1.609716244168044874e-01
-1.727929565673090861e-01
5.286802153916454472e-01
-1.000000000000000000e+00
2.941518021215021594e-01
-1.000000000000000000e+00
5.647448759901412263e-01
-9.602051204612986890e-01
-5.877257956603617606e-01
5.085916746338392525e-01
-9.935878214195309477e-01
-3.145952186383948468e-01
1.768443621867223647e-01
-7.356945051493501975e-02
4.105193129623624926e-01
-1.808049682678354864e-01
3.093134922404836562e-01
8.016906624146256100e-01
-6.461919608434244511e-01
-3.085574473337632240e-01
-5.965511878766809328e-01
6.735294051710473129e-01
-1.000000000000000000e+00
-5.246113402070277099e-01
9.785013268167568334e-01
-4.299051533559160032e-01
-4.626808957635076824e-01
-2.773305636727530499e-01
2.779260863147207106e-01
-8.505444502394464701e-01
-7.509851765701625048e-01
4.804106515820323331e-01
2.032786425328735325e-01
8.744020550967829264e-01
2.629427300669796574e-01
-8.421752405713137657e-01
2.295009299892986077e-01
-8.591518679548540982e-01
3.871842223869425004e-01
1.000000000000000000e+00
-3.876341352296547305e-01
-3.887269328031603965e-01
-2.816359284252825113e-01
6.933925857087863687e-01
-8.945613394875124857e-01
5.346761561708499588e-01
-7.520058506289887257e-01
5.605452827209906896e-01
2.009874451003393070e-01
8.287477213505034523e-01
-4.159408366704294702e-01
1.002380936442621648e-02
-2.152886787093144239e-01
-2.348756552487656912e-01
-4.719403573999830792e-01
-3.408402538681395422e-01
-4.293686445755509618e-01
5.463634747779146927e-01
-9.831009805169865778e-01
1.332272601618397778e-01
4.704590699190532299e-01
-8.888834215193909261e-01
2.832321297860818654e-01
-1.000000000000000000e+00
4.955038278274415120e-01
-1.742424724450979123e-02
1.632603433583393604e-01
9.649991226169032377e-01
-2.202550544406362276e-01
8.753067075821627796e-01
4.218551574195162496e-02
2.982272786266329523e-01
-2.796548705099688448e-02
1.000000000000000000e+00
2.403575329728294685e-01
6.738752268676160284e-01
-5.960618334003260355e-01
8.613135215121620059e-02
6.856266069863670154e-01
-5.889870764739498776e-01
1.685180800250916933e-01
9.237159496488436261e-01
-5.298836918758358383e-01
-6.004065842406594022e-01
-4.965402289263143865e-01
8.175685021431160493e-01
1.000000000000000000e+00
9.793067979873119056e-01
-2.040778473145744287e-01
-3.040289866235531546e-01
-9.850615515585241233e-02
6.699214033358330544e-02
7.929161406311419080e-02
9.171796738525419546e-01
2.849921757556942992e-01
3.208027993483529849e-01
-5.915690923490768416e-01
-4.161612561221091355e-01
-1.059331840891265530e-01
-1.908504138373544601e-01
-5.919261819400026825e-01
3.775209007860536037e-02
-5.466915908149859726e-01
-8.293565130739767310e-01
3.437998141045046641e-01
1.000000000000000000e+00
9.455997598041145924e-01
9.467701332922831003e-01
-6.365423961502185701e-01
7.436763148289041725e-01
-3.780826225470109714e-01
4.498459312536138288e-01
1.925088705302988867e-01
-6.579921445413074998e-01
-1.000000000000000000e+00
6.560490896817888773e-01
2.359213569814302969e-01
5.540700025955447305e-01
-6.894819592692686960e-01
-8.494616924352527132e-01
4.071080969197274357e-01
5.493750532834174027e-01
-5.534674117160476303e-01
6.078654626797047600e-01
-4.546864477431458718e-01
-2.707940585222484708e-01
8.738575122225339387e-02
1.142295451754151286e-01
-7.719916048342809756e-01
1.042953794916832572e-01
5.614525530608187598e-01
6.571399346219390925e-01
1.000000000000000000e+00
3.302661204273959483e-01
-5.683874198721891036e-01
-9.751896593655481893e-03
4.741665555607741944e-01
6.704595293644548537e-01
5.210994524959093599e-03
1.034683619031838142e-01
-4.946209390487470992e-01
9.831360235355672827e-01
-8.308766156550398407e-02
3.524522509980171359e-01
-1.000000000000000000e+00
5.179628733521406403e-01
-1.638446722037391612e-01
-8.777027525310064915e-01
-2.354720168405811109e-01
-1.303810086735308349e-01
5.078835207233733939e-01
-3.470597785041231176e-01
-9.932057692753966383e-03
1.613668714690823236e-01
9.264756882032696428e-01
1.104211695253871361e-01
9.949586802193657320e-01
-7.541203419448024858e-01
