-9.169301161130036792e-01
-1.084156170962912724e-01
-1.328612879216746201e-01
6.435936056582920450e-01
-6.256574599934224823e-01
4.827268746716776304e-01
-2.372558542043760876e-03
5.223140076190918579e-01
2.558380130121411938e-02
6.051294632294469400e-01
-1.014660131554707412e-01
-4.561786000535767993e-01
-5.010231319054960775e-01
-1.570600604973129699e-01
-5.316981610795225022e-01
4.426733411966154996e-01
-2.221924277824953997e-01
1.000000000000000000e+00
-3.854341475626967273e-01
5.050190298508540065e-01
5.013453292284659746e-01
-6.936631755095956642e-01
-1.087068785547845584e-01
5.090106804549434649e-01
4.437300195910652834e-01
-4.895700128584963839e-01
-3.372455486819976311e-01
-1.000000000000000000e+00
6.837664152050273447e-01
-2.355116495946692201e-01
6.947263879964089839e-06
9.086571062230322515e-02
-9.997010308430774594e-03
-4.054862826080668503e-01
-3.904914974621158108e-01
-4.318764086874933850e-01
-1.000000000000000000e+00
-2.188042260303309505e-01
-5.977622763112383497e-01
2.819349803731867055e-01
-1.000000000000000000e+00
-8.519213179683114978e-01
-6.926916211410862889e-01
-8.600361260753439652e-01
-5.479817263845884190e-01
-8.326648029016640029e-01
-1.155415860992917015e-01
-2.710444786426762787e-01
7.558081363836078870e-01
-8.364686875064357707e-01
-9.527815315693746179e-01
4.906435774073560352e-01
6.865199579405447672e-01
-5.192574610136198032e-01
4.951040559496884264e-01
8.651728366806560322e-01
-1.452815591747282364e-01
1.000000000000000000e+00
3.976837674956968938e-01
6.534092838524172553e-01
1.000000000000000000e+00
-4.666695885954250667e-01
9.859774854573049030e-01
7.919672613516803850e-01
1.463715134041689570e-01
-3.945668387091122442e-01
4.555967412815575823e-01
-8.960992933800598914e-01
-2.662426385948932217e-01
9.738535043703590299e-02
-5.709283621412389875e-01
-3.213711668593458581e-01
-1.000000000000000000e+00
3.007206157393199075e-01
-8.542598248447854647e-01
6.287606508457209420e-02
3.434149725783048335e-01
4.608459203224229417e-01
-7.255822679264098962e-01
-9.406714299541543145e-01
-6.116232206618938960e-01
7.262861051377761390e-01
6.245137131484647386e-02
-5.546436451911240795e-02
-1.000000000000000000e+00
7.969693893204475854e-01
6.109317757655862158e-01
-4.429062380541735622e-01
6.787720885037913376e-01
-1.279395204019802001e-01
-5.213867633764572851e-01
-1.259217986651448573e-01
7.202506123941121441e-01
8.239203179217577944e-01
-8.115917007351773627e-02
1.448419409532488919e-02
6.489547628716734184e-01
-2.802316721557466805e-01
1.000000000000000000e+00
3.745191054085996729e-01
8.518766500952817955e-01
-4.950160181852302776e-01
-2.874190602703402542e-01
7.326800609523264063e-01
-1.000000000000000000e+00
1.679689407423845537e-01
2.378502045657017727e-01
9.742117332406819985e-01
-8.279112814871897319e-02
2.175315215983277331e-02
7.193023219399647950e-01
-8.386348609178913005e-01
9.610178966581420790e-01
-9.173869944814773136e-01
6.547866369133049924e-02
-9.687747969252569202e-02
4.300906522625200235e-01
-1.000000000000000000e+00
-1.985500201977672963e-01
-5.199983171106435931e-01
-5.789646051325920695e-01
4.239972857315160160e-01
-3.397056125343531074e-01
2.838864973083086163e-01
7.137410983155164645e-01
-1.000000000000000000e+00
2.227169497027505773e-01
-7.142881843983310552e-02
6.172685553953268789e-01
-2.444915823694824436e-02
-3.797314864052337979e-01
7.604298529228897818e-01
-4.619626143371026727e-01
-3.747397270474180364e-01
-2.581053163441386356e-01
4.557666181917745529e-01
-1.000000000000000000e+00
-6.792058028642966594e-01
9.911798345414593037e-01
3.359200344464086108e-01
1.000000000000000000e+00
3.231753167161903750e-01
-9.887915609128528072e-01
1.982910412748701834e-01
-1.000000000000000000e+00
4.259110056766019503e-01
6.580084743030569783e-01
-4.581243064572758095e-01
-1.000000000000000000e+00
-5.895950735673660681e-01
3.235819242219400427e-01
-9.719995734487583139e-01
5.761247203507600112e-01
-1.736746487898338798e-01
6.626489432317155259e-01
2.566640166591353522e-01
2.151153203876068065e-01
1.291826369961675269e-01
-4.994157715290810373e-02
-2.252573126552398497e-01
-3.485607131623580934e-01
-3.501334245969595083e-01
-2.666670395031767726e-01
-1.903632280022135304e-01
7.224617218290423359e-01
-1.000000000000000000e+00
2.805772206341846653e-01
8.572639953291847359e-01
-3.665131076304241065e-01
2.437673134985280377e-01
-6.007220727313283826e-01
2.866620463230926674e-01
-1.568596068323318549e-01
7.792542151448933474e-02
8.733125101198322415e-01
1.046984577944982120e-01
1.000000000000000000e+00
-5.989846819093601338e-02
4.381888934774877953e-01
-2.868140141632771201e-01
1.000000000000000000e+00
1.896345879606249896e-01
3.911336301868319487e-01
3.506082917986560465e-01
-1.845210869756716554e-01
8.597929427829277271e-01
-6.541687260700002060e-01
-2.524959105486658528e-02
1.000000000000000000e+00
-5.759873016884228258e-01
3.369275026277600282e-02
-9.266296056728571262e-01
7.328820231208305058e-01
3.769737989305756432e-01
9.969146925208898224e-01
-1.381925980174458779e-01
-5.022674860318253609e-01
1.186429525700476162e-01
-3.284687768197764868e-01
3.875239811742908214e-01
4.616491124494556675e-01
1.853103502198161501e-01
7.893369619360855738e-02
-8.608453399022188979e-01
-1.799826185380217491e-01
-9.512476701507792398e-02
-7.431829319143352652e-01
-8.664802039375778531e-01
-5.559579469268852714e-01
-7.526045058723987990e-01
-8.249987892587364868e-01
3.219074769274154479e-01
7.951365784380922674e-01
-5.638430433183923007e-01
7.184008910384865887e-01
-5.571855016172825303e-01
1.000000000000000000e+00
-1.913144548188067673e-01
4.475713248483037532e-01
-1.404979855030612790e-01
-8.920888444424998065e-01
-9.426665917057361899e-01
5.855233443250996705e-01
1.000000000000000000e+00
8.921917755501266312e-01
-7.241499948482177373e-01
-9.447725843898955311e-01
1.301523615626359043e-01
4.215162748401247161e-01
-6.416232062745023113e-01
5.276417313034210688e-01
-3.576924570380655699e-01
-1.497649266539742285e-01
-5.873040089387220053e-02
-4.920403410672395950e-01
-6.862998067675450953e-01
2.911627713381835791e-01
1.382637535387509775e-01
4.579394258880816748e-01
5.750083459946684350e-01
2.704788985156334480e-01
-6.840385508321541463e-01
7.553278030515340191e-01
7.280866930480961452e-01
1.000000000000000000e+00
1.579542086184723415e-01
1.147383351986268479e-01
-1.335265016594313070e-01
9.676402440927578397e-01
-2.247549940969896243e-01
9.728748007505358952e-01
-4.044684282435809242e-01
5.648215674473922032e-01
1.000000000000000000e+00
-1.000000000000000000e+00
-4.692218033098031205e-01
-1.066572615340013186e-01
5.087684301602779513e-01
-3.820481716888123325e-01
1.000000000000000000e+00
-4.235373901295785837e-01
9.142739317860750781e-01
-1.850074887225039155e-01
9.599168477891806273e-01
-8.564429034088810733e-01
