-1.000000000000000000e+00
9.016439855280190541e-01
-4.149878946927804679e-01
6.199443250207887779e-01
1.000000000000000000e+00
2.730107829061499958e-01
-6.871058731762116345e-01
6.341274112477821578e-01
1.000000000000000000e+00
-3.664136851756837898e-01
-1.074658219744875076e-01
4.385217686310415031e-02
5.465965130366593483e-01
-6.925833946911431616e-01
7.869583636147714500e-02
1.000000000000000000e+00
-1.662380945813960592e-02
2.523103861857711738e-01
-1.000000000000000000e+00
5.256642308006936881e-01
1.709454824355586267e-01
5.274323323682530429e-01
1.765592996790432967e-01
-4.154273071443434495e-01
1.603776491326060483e-01
3.709497751522424780e-01
-1.000000000000000000e+00
-8.802118974217975067e-01
-9.061154889491360720e-01
8.435163307738485772e-01
1.718035828203290372e-01
4.926536592859087627e-01
-1.175869747387402048e-01
4.977451616336561191e-01
-8.833632321855697800e-01
3.278691429061307838e-01
2.617870719550383085e-01
-1.051933095609146052e-01
-4.333402657844868111e-01
-1.244211283499409848e-01
-1.000000000000000000e+00
-1.125302786123284909e-01
4.799025752850047399e-01
-7.689335526001478405e-01
-4.807989390534269103e-01
-3.580444002348168731e-01
-6.941254894139525788e-01
2.960748220903084427e-01
-6.157973213594493123e-01
-8.327392509164932566e-01
4.476080876541046472e-01
-6.523029032166349772e-01
9.990394082168411183e-01
1.000000000000000000e+00
5.516685341820559696e-01
8.657550448702735491e-01
-2.284400965437965447e-01
-1.000000000000000000e+00
-8.756316884774127673e-02
-3.707189095897183706e-01
-3.033964508003561544e-01
8.742544758763026724e-01
-2.608261926222367744e-01
-7.321364289811789217e-01
-1.000000000000000000e+00
5.166384666135682702e-01
5.773862307601573124e-02
-1.000000000000000000e+00
6.363990033617049624e-01
1.296614806862393943e-01
-3.135332979275812226e-01
-1.000000000000000000e+00
-1.000000000000000000e+00
-9.986459733112478254e-01
-4.015143259234493778e-01
-1.000000000000000000e+00
1.000000000000000000e+00
6.589272748032406479e-01
-3.009210229478936349e-01
-6.109432728140937741e-01
5.956597673159552686e-01
2.415013462973743252e-01
1.252134448925485977e-01
-4.283651356998648407e-01
-8.221830011717635722e-01
-4.646922997551612422e-01
2.588121478403122566e-01
7.378422337506226336e-01
-5.771120976670308655e-01
5.723495731032385986e-02
-5.873956686962443774e-01
-2.949760494923031606e-01
-7.492329002934995374e-01
-2.739019065686027488e-01
5.222149817808487970e-01
8.455233556214587776e-02
-5.139076073480248752e-01
3.093809582276795256e-01
9.987761161654316877e-02
1.990536872214925257e-01
5.142750273343906775e-01
-1.970187089611932507e-01
-5.043266580756672335e-01
-4.817660263168248580e-01
6.316499519678656638e-01
-7.817019427524000141e-01
3.583399064380875521e-01
-4.824175487987809596e-01
-3.962609678569218308e-01
-1.000000000000000000e+00
2.402712273989387470e-01
1.000000000000000000e+00
6.933084069543622441e-01
-8.442881287289646375e-01
4.495409874382404886e-02
-1.456620617984060589e-02
-5.382804640516379857e-01
5.942097577518092866e-01
8.316241692025363452e-01
-9.403915462428589223e-01
5.439225526137979605e-01
7.339845285498630689e-01
8.143199705247383680e-01
-1.703249582661781614e-01
1.000000000000000000e+00
7.272358639099224531e-01
8.989149197304404648e-01
1.524537756540520483e-01
6.775218712752079098e-01
-3.610024547136745365e-01
-5.520769887072304871e-02
-6.884776047754365136e-01
6.468198189681598209e-03
-5.847292454479098289e-01
1.000000000000000000e+00
-9.049878190050872906e-01
9.275836965949314505e-01
-6.084699548948978576e-01
7.551560980074964458e-02
-2.426325934530458028e-01
-4.960117916861037091e-02
1.000000000000000000e+00
-3.998916039045026238e-01
6.273703494594827790e-01
-1.000000000000000000e+00
4.160995365353928888e-01
-9.315006167775397028e-01
1.234206750369669509e-01
-2.875779512809609195e-01
-1.990999333970665530e-01
-3.880505708216748229e-01
5.868740450580107737e-01
-2.953090030224170826e-01
-4.584993826236230530e-02
9.163554340463536674e-02
6.814205006885167004e-02
9.752411076059519512e-01
7.942329548185992349e-01
4.161756492288585796e-01
-1.558979532606071527e-01
-3.228087349607686729e-01
-5.321106228093667179e-01
-9.131034862995611456e-02
-2.682687419730530043e-01
8.483434611490296706e-02
1.823384297280454258e-01
3.050578385727715225e-01
-4.083852542479858294e-01
1.828182854919523925e-01
6.580483062613844414e-01
7.270272383096509916e-01
-9.483606260558223866e-01
-2.561550233725646761e-02
-1.000000000000000000e+00
1.000000000000000000e+00
3.692809264298024807e-01
-4.852729887552814647e-01
4.939196657448683414e-01
8.252589443675585335e-01
-4.694483566259342183e-02
2.443675058801269284e-01
-3.519179037977472890e-01
-6.933278391988666467e-01
2.291295854330911708e-01
8.075797152142895063e-01
-2.951744980299553234e-01
-5.782491941931263701e-01
-8.376146811671860704e-01
-2.567998429729400067e-01
-1.744215162821863285e-01
2.759331014666429605e-01
7.190183198759847460e-01
2.106745874117819661e-01
-1.216726828976128771e-01
-4.135568013292605788e-03
3.720846948442045887e-01
-1.000000000000000000e+00
-3.970177927789203531e-02
-2.308164549876077776e-01
-8.134424561754177718e-01
5.745081215490073223e-01
6.298098444774302695e-01
-7.269277491214096165e-02
2.922069687143867833e-01
2.078262394086800580e-01
6.913623657964947933e-01
-1.000000000000000000e+00
-3.291092175376010842e-01
1.000000000000000000e+00
-3.977989093440810753e-01
-2.599136907318007617e-01
-3.806892091222132679e-01
8.788863738187485675e-02
8.873592336602791342e-01
-9.964754751999733706e-01
1.000000000000000000e+00
-3.644566609676737068e-01
1.636901202193926375e-01
-8.351009039625151287e-02
8.128016848543029305e-01
-2.740470698774344349e-01
-1.974762880079747596e-01
3.873155638009605495e-01
-9.039789418938137810e-02
-4.594912916242127783e-03
-4.441973818993608103e-01
-5.728942550347729812e-01
-3.178796664892249990e-01
4.088711190696357467e-01
-5.786802104499533250e-01
-2.852550218841212182e-01
5.140587869745988359e-01
-2.631455721633649825e-01
4.084678157804614296e-01
-6.790244546209249776e-01
2.810866988574971248e-02
5.776282659220968174e-01
-3.477302260081510665e-01
6.405868126355165337e-01
-5.706922621778556248e-01
-6.488886462940572919e-01
-2.128077543067551924e-01
-1.412862690120345599e-01
-3.362253834988148116e-01
-7.288261498609477362e-02
2.965501640716898257e-01
8.960775016292918949e-01
8.612564474348755050e-01
2.900482761318055047e-01
-3.224239219966087977e-02
-3.493387623359197613e-01
-3.682599311166805389e-01
-7.921816005421082885e-01
4.159605371294882170e-01
7.682333456949660411e-01
-6.365955508965706611e-02
-3.853110108175191173e-01
6.217811965918613737e-01
3.837271693993295485e-01
-3.462391701876508798e-01
-2.991331791520513983e-01
2.641837946135716653e-01
-3.423082289578474047e-01
4.032517002481550983e-01
-8.164624858739345792e-03
