-1.000000000000000000e+00
9.069772293333876467e-01
-4.071444111698090396e-01
1.000000000000000000e+00
1.000000000000000000e+00
3.066130561015205647e-01
-6.903097965480045062e-01
6.349829276009734125e-01
1.000000000000000000e+00
-3.672067565208479989e-01
-1.074383940873266385e-01
-1.426780924400712809e-02
4.265276210225568687e-01
-6.169774917737329556e-01
1.457131319758313281e-01
9.943119947933056757e-01
-2.344744292027122617e-02
2.539890098402918239e-01
-1.000000000000000000e+00
5.454798490067054306e-01
1.684143582172251685e-01
5.276836801533043575e-01
1.639369438593365202e-01
-4.161035101144533455e-01
1.602095361658054107e-01
3.347749517067791780e-01
-1.000000000000000000e+00
-1.000000000000000000e+00
-9.138277482866106194e-01
-1.042245471827500103e-01
1.717185308789408449e-01
-7.728270428344429233e-01
-1.182462970250102996e-01
4.949949633176183861e-01
-8.902465187306662919e-01
-1.163116029480057018e-01
2.626476868165688594e-01
2.083883271220390299e-01
-3.784853971431199060e-01
-1.483879019450290160e-01
-1.000000000000000000e+00
-2.034977794516535377e-01
4.854034651426282210e-01
-7.880687963776851213e-01
-4.689552179887901406e-01
-4.006488023714518398e-01
-5.081706181368470521e-01
3.375997991936236509e-01
-6.159520324989018469e-01
-8.577711295870137365e-01
4.730146249755769472e-01
-6.718891538353348736e-01
1.000000000000000000e+00
1.000000000000000000e+00
4.888599496557871626e-01
8.755131412815575498e-01
-2.260024597230693710e-01
-9.999434939043723158e-01
-8.677094547475111552e-02
-3.751698782917639585e-01
-3.057383625106477321e-01
8.674346940850593546e-01
-1.194511730001872746e-01
-7.317285966528410679e-01
-6.907139916418746362e-01
3.996561895685610821e-01
6.776527047747903099e-02
-1.000000000000000000e+00
5.641470287488675739e-01
1.293677976976683464e-01
-3.010800308291555760e-01
-1.000000000000000000e+00
-1.000000000000000000e+00
-9.246950576727550608e-01
-5.932940627722079752e-01
-1.000000000000000000e+00
1.000000000000000000e+00
8.141854740355848330e-01
-2.880297465242969146e-01
-6.094322740773512326e-01
5.971872422697448446e-01
2.353249204456964172e-01
1.448932474448072494e-01
-4.277079279105323040e-01
-8.443405834312481817e-01
-4.652930786435283128e-01
2.660176174598262167e-01
8.691429164488717607e-01
-6.072407206267049773e-01
5.777696283078769673e-02
-6.414228512212636346e-01
-2.437565979522643977e-01
-7.998622972075788429e-01
-4.425084041425270120e-02
5.548226944006986461e-01
8.015556713313368165e-02
-5.083148332859024343e-01
3.025925069930369138e-01
1.008779750623089999e-01
1.956731056290080817e-01
3.862186366804991611e-01
3.335013930207141736e-02
-5.144183277450765646e-01
-4.006363738144110287e-01
6.318678786097873257e-01
-7.818300389111521032e-01
3.320350152484765616e-01
-4.827433545468742815e-01
-4.240915180094896320e-01
-6.712539884938444334e-01
2.485213110319797747e-01
1.000000000000000000e+00
9.335981838868461224e-01
-8.518524113994846436e-01
7.168116976546388963e-02
-1.353160171507164847e-02
-4.785137424016974728e-01
5.822420368745353514e-01
8.122102213701358764e-01
-9.482122337384115696e-01
5.615549289159171842e-01
6.084789407401515193e-01
7.938956077974029801e-01
-1.701677145248645939e-01
1.000000000000000000e+00
9.350287606339034996e-01
2.956673250723742541e-01
1.514673196849271597e-01
6.910983301751223440e-01
-4.930585778525146123e-01
-5.901365376584056383e-02
-6.868590087590027427e-01
-2.180629600158171325e-02
-5.904758552252344916e-01
1.000000000000000000e+00
-9.111352029972792366e-01
8.707400044681093965e-01
-6.015480921087363875e-01
7.484315972453357835e-02
-6.528440765273132995e-02
-5.074070105740913217e-02
1.000000000000000000e+00
-1.000000000000000000e+00
6.290745920115417000e-01
-1.000000000000000000e+00
3.267938084375721641e-01
-9.345126586968575122e-01
1.489160632826705133e-01
-2.556977194886691507e-01
-1.473122417771972614e-01
-3.877163540702516231e-01
5.678335797112816774e-01
-2.691913870935588315e-01
-4.057642014188973800e-02
1.137066812483988609e-01
5.368453415855929667e-02
9.572928000227145517e-01
7.928790398577285625e-01
3.323225839694360362e-01
-1.558211033700352410e-01
-2.182983744049603325e-01
-5.236248003584820232e-01
-8.699256607114330686e-02
-3.264923916708116769e-01
1.007711349019660974e-01
1.970006047776391434e-01
3.050724535295932793e-01
-4.167322903956652835e-01
1.791540975779309930e-01
6.770655315859139822e-01
6.994272548501319076e-01
-9.464125706103706515e-01
-5.283740703868956834e-02
-9.935188123648569514e-01
1.000000000000000000e+00
4.045251631651673452e-01
-4.713485631690838007e-01
4.811427159560229816e-01
8.407202790469550102e-01
-2.923503549363950516e-01
3.582903693189848360e-01
-2.260947617591633763e-01
-6.837827388384932759e-01
2.300537568442430625e-01
8.897390532575291111e-01
-2.968237461733265747e-01
-5.813305980281693319e-01
-8.482486669691839953e-01
-2.383286291242729948e-01
-7.380763356665072106e-01
2.790479735789439530e-01
7.258598826034782237e-01
2.127435483554526163e-01
-1.201447877456121444e-01
-7.501660656744887912e-02
3.725765338256626924e-01
-1.000000000000000000e+00
-6.885938078022503517e-02
-3.657246302433455054e-01
-9.203842577946359516e-01
6.923482977933217430e-01
6.184130916820146373e-01
-4.568451105575405125e-02
2.926146283376688251e-01
2.144904966759021425e-01
1.000000000000000000e+00
-1.000000000000000000e+00
-3.194754984353831428e-01
1.000000000000000000e+00
-4.134667318831216631e-01
-2.718542823654652163e-01
-3.893043225663218587e-01
7.254949422528117475e-02
8.917676639375213821e-01
-9.990975596534211745e-01
1.000000000000000000e+00
-3.646076657158432988e-01
1.114103217910495658e-01
-9.039259736905044806e-02
9.828003092160819687e-01
-2.654374747384715127e-01
-7.207807133602176508e-01
4.618683878624055827e-01
-1.308390663421146183e-01
9.462749911871896902e-02
-4.589737698718928671e-01
-5.700156400900094900e-01
-2.860872746741409678e-01
5.044824257291674607e-01
-5.713356646324808663e-01
-2.798476784131503359e-01
4.830640942640553881e-01
-9.704267521512063288e-01
4.107685590458672320e-01
-7.144635952128082224e-01
1.417380528567935283e-01
5.761859147018929539e-01
-3.501799616931020043e-01
6.371113393350511522e-01
-5.978794741427446713e-01
-6.560818620824201419e-01
-2.064081851099114906e-01
-1.414751134036706937e-01
-3.554612637153553023e-01
-7.794906754908072222e-02
7.452606747414064481e-01
9.001739039536166276e-01
8.430482160241212775e-01
2.676447395227564141e-01
-3.282459077016755544e-02
-3.450690226400301430e-01
-3.650246175692852257e-01
-6.998194251491962614e-01
4.481658071120360187e-01
7.810163204918504354e-01
-6.182025295114434993e-02
-3.876511727665434281e-01
6.842657205545680243e-01
3.856603059333910677e-01
-2.779896494162171772e-01
-2.827700100205202682e-01
2.710648969611978987e-01
-1.642220680846549763e-01
2.870254810619689567e-01
-2.280074146630838017e-02
