-1.000000000000000000e+00
4.383028700924606058e-01
2.258471183614056688e-01
-2.906918115120165624e-01
4.501735786954740304e-01
1.905343941300714217e-01
4.976879381286825055e-02
-7.992322703674905604e-01
-1.712288287154299371e-01
4.699089059075103325e-01
2.142902786401340021e-01
-1.000000000000000000e+00
-1.618651557318826206e-01
2.659533761955340525e-01
-4.211083223584408675e-01
-2.539347803472372656e-01
-1.000000000000000000e+00
6.480028412660784332e-01
-3.582843169801683825e-01
-3.159329765936127465e-01
1.208548090189148078e-02
-2.443516978615818402e-01
9.302536633747856554e-01
6.024082961210146525e-01
4.606982773302702450e-01
8.924971086667974340e-01
1.000000000000000000e+00
-2.713195200300416166e-01
-1.000000000000000000e+00
7.656115360490728383e-02
2.746595658494856429e-01
9.108238707676730161e-01
1.651554216370908490e-01
5.499911073102882186e-01
-3.052572758470002423e-01
7.424647676115792017e-01
-7.612257796737935678e-01
1.832385354605358674e-01
6.634144990352142113e-01
1.000000000000000000e+00
-7.228963997847097644e-01
3.491717816906473315e-01
9.353182319462631789e-01
-6.209762495082241096e-02
6.825026541380909695e-01
-6.839184414339091189e-01
1.000000000000000000e+00
-4.276494657301470048e-01
-3.089653943077683707e-01
-2.638124535154855455e-01
5.542119571614114726e-01
-4.851877994525497506e-01
7.859137025459334014e-02
4.784678956691631457e-01
1.000000000000000000e+00
-5.242259663885088239e-01
-1.839206276127405282e-01
-2.099053150976051274e-01
9.900160239525725991e-01
-7.056272743400654468e-01
9.981389847445601982e-01
8.573650356711182141e-01
5.413204990890539969e-01
3.142779610699450998e-01
5.537948889106995010e-01
-4.195107089416094670e-01
4.046032205939855131e-01
-9.563767540665484013e-02
-1.785176537693154153e-01
-2.922109182534158300e-01
4.753459488123262799e-01
7.922235705358854352e-01
2.736122647030719279e-01
-1.027315453307757753e-01
-1.277678573052419553e-02
8.692381288809430950e-02
6.608234803030281768e-01
-7.785864671378015522e-01
5.095437475672025263e-02
-5.011778892701409527e-01
-2.971974355646991306e-01
-6.271456863524222936e-01
-6.498211439054083494e-01
-7.894030599055575914e-01
-1.363610946041826921e-01
5.085567945210186513e-01
-4.535116265096933441e-01
5.298330277487856010e-01
-1.617084038985709127e-01
-7.622505568115636732e-02
-7.788970782000996795e-01
-5.437728484291455278e-01
4.946056481394703885e-01
-4.985690077161549216e-01
-6.079170459964720052e-01
-9.597601256801130409e-01
4.530172885816405870e-01
5.516650859993297296e-01
3.734176522831738065e-01
-1.157388477213111555e-01
4.783304640494159821e-01
-5.428043362385991388e-01
1.805688977051068678e-01
-6.871721885127635154e-02
2.374780299647935300e-01
5.959473718418224486e-01
-1.000000000000000000e+00
-3.651319461820536766e-02
-1.028612944723342471e-01
-1.000000000000000000e+00
5.563153020118538628e-01
-6.886330201183272770e-01
-9.961260788744884520e-01
6.904830871289322491e-01
2.650571194765813376e-01
6.764424152395165368e-02
1.185060810226277184e-01
-8.486816775241946553e-01
-3.961819326229220617e-01
6.322912599425768720e-02
-5.767882928318317504e-01
-3.736738709740051734e-01
-3.666297196038172945e-01
7.776751723042109044e-01
3.884751707963593481e-01
-8.907899306869215827e-01
-6.165000126168471706e-01
-2.920388535601712299e-01
-4.179055703141145717e-01
-4.691292963526426385e-02
-1.094073442948419878e-02
-6.590889205285802577e-01
-6.412213050462123309e-01
-8.313863449861055299e-01
2.951221622410293288e-01
7.360790378662744882e-01
4.030872554921643425e-01
-9.324377761232044426e-01
4.742041817234092793e-01
-3.335001198414477286e-01
-8.366884860936146806e-02
5.524721699833841093e-01
-4.314634691190573079e-01
9.508020108432910789e-01
-6.324162669833464090e-01
5.204185368168101622e-01
1.114801249811214756e-01
1.961211485931875498e-01
-2.605497608588798475e-02
-8.374882021382450414e-01
-1.000000000000000000e+00
-3.661839982328688459e-01
-6.479854053039310058e-01
-9.695817014898450159e-01
5.584542286025374613e-01
-2.798131939680937874e-01
-1.000000000000000000e+00
1.613906056643977238e-01
7.141896222218270252e-01
1.091327403209403912e-01
2.742958035423835317e-01
3.891535121268965836e-01
-3.976012792214586034e-01
2.876051972644792509e-01
-1.862936022844640660e-01
5.169472141073082616e-01
-6.500524978723490888e-01
-1.502712162448344158e-02
5.906230729525177026e-01
2.807367001799046524e-01
4.985332140231798492e-01
-7.856693063478427108e-01
-4.131147784708384396e-01
7.538018023341290785e-01
-3.892283929874770787e-01
-5.397509947167537792e-02
7.969178306388601252e-01
-5.537731827019569675e-01
-2.330087783382617239e-03
6.025804343976950417e-01
-4.171064086127677650e-01
-1.000000000000000000e+00
1.281500059729898666e-01
-1.000000000000000000e+00
9.766472825511354205e-01
1.073015529190593231e-01
-4.916396332940426994e-01
-1.000000000000000000e+00
-5.002650580395283653e-01
7.001349230697980763e-01
-3.073870613953718633e-01
-5.498014274127392964e-01
-7.987327797942511687e-02
-1.000000000000000000e+00
2.229807123001070757e-01
-4.380981814117432260e-01
5.512625169239417922e-01
-2.267501893705318461e-01
-8.957786477480839116e-01
5.000171903985139998e-01
-8.188368605235682995e-01
-6.608778346565153949e-01
1.000000000000000000e+00
4.655195299426335143e-01
-3.495304131058102337e-01
-2.388657696435092515e-01
-9.047420756405349929e-02
1.000000000000000000e+00
-9.385550799143729805e-02
1.000000000000000000e+00
-8.928898056889125745e-02
-4.194149930814932148e-01
7.171164804021498140e-01
1.000000000000000000e+00
8.107403624885637372e-01
-2.613761335416631137e-01
-4.192350223251998242e-01
9.515601053114033925e-02
7.776867279583906667e-01
-3.133738375473826832e-01
-2.973106590564933427e-01
-1.000000000000000000e+00
8.412873900852572140e-01
4.041588259595429999e-01
7.970911197461110209e-01
7.958072974644931907e-01
7.653738360359898518e-01
5.474693653407245453e-01
3.026396514577455732e-01
-1.000000000000000000e+00
8.832668037468867361e-02
-9.015308361745711929e-01
-9.764186447038292194e-01
3.039731343673767738e-01
-7.459999873749240118e-02
2.467738614966161481e-01
3.581071595021784737e-01
-3.119628744565139389e-01
4.433164205808525771e-01
4.397636993788213156e-01
-3.908704988442288641e-01
4.319049460476378499e-01
2.373377556226027862e-01
6.644889785876701982e-01
-4.695243354075870901e-01
-4.281896574911953079e-01
5.365464707657060517e-01
9.816140418066956475e-01
-1.000000000000000000e+00
-7.101246791047293172e-01
-7.320046455354314308e-01
-1.000000000000000000e+00
4.239923727511822338e-01
2.351468055679597213e-01
2.228460898797557377e-01
-1.004166088186592143e-01
-1.000000000000000000e+00
6.002929372781967698e-01
2.778135526396382504e-01
-2.581516740581422109e-01
-4.473023891124157658e-01
8.053535043676002259e-02
3.384491929267744448e-01
1.017166029412250178e-01
1.055874433052439026e-01
