-5.917329740713406228e-01
-3.040586008355973258e-01
-1.000000000000000000e+00
-5.286790091125576074e-01
8.203610535031442552e-01
-4.367876457736601381e-01
-4.840259802494947111e-02
-2.293856697966636660e-01
-1.874407707761684694e-01
-6.473616320982522598e-01
3.628847745592909124e-01
-2.391279627309610967e-01
2.496571171717460458e-01
6.676238867773246488e-01
-1.040823321242072136e-01
6.274809089890427405e-01
9.843753619608310856e-01
3.684317697025302207e-02
9.756085569466946272e-02
1.509930491131186714e-01
-1.376955298528235172e-01
-7.963250131159801959e-02
1.000000000000000000e+00
-9.986943467572283462e-01
-5.712700469710285667e-01
6.388001734986628044e-01
4.538534404949909895e-01
-7.388089335765718468e-01
-5.584445829300699327e-01
-1.441121971090785492e-01
-1.306901946098139311e-01
-9.262619681582091591e-01
6.209729310659417578e-01
1.742534901740166176e-01
1.206186712183410781e-01
-9.359204937751116615e-01
-2.801522217771761913e-01
9.975749556198266754e-01
1.000000000000000000e+00
2.398840295352486218e-01
3.678871291490225515e-01
-1.000000000000000000e+00
-2.871388748914754374e-01
5.514066092847807327e-03
4.292160837393521611e-01
-1.000000000000000000e+00
-6.444194645976136782e-02
7.422566294140942045e-01
-9.528465102930281372e-01
6.028049795416815515e-01
7.969403305777604807e-01
-1.673280350561678065e-01
-4.533182650083452669e-01
4.919834766527973052e-02
-5.472252822928087568e-01
5.115388916572336520e-01
-1.000000000000000000e+00
5.005029428059977192e-01
2.912221201582959051e-01
-5.648372233038250201e-01
5.155240606224641420e-01
5.195143531995678465e-01
2.235444858412084512e-01
2.491020762663688493e-01
7.314238616553181416e-01
-1.000000000000000000e+00
-4.692307474095677722e-01
2.927644205735592253e-01
8.318591107034670751e-01
-1.278233004084610713e-01
6.648961963785968710e-01
-1.000000000000000000e+00
8.064729243868221653e-01
-2.063544895528686418e-02
1.000000000000000000e+00
2.439473518265725116e-02
2.534711303415575490e-01
-8.003465534645981538e-02
-5.453314588559317333e-02
-8.200677660280237813e-01
-1.000000000000000000e+00
3.068168000913353843e-01
-4.883248083419551300e-01
-7.049236550053515904e-01
-2.331290076690081814e-01
1.774015637194980566e-01
3.591198902148795002e-01
3.134695473761658913e-01
2.252651865371718409e-01
-3.059889325137692961e-01
-3.072668417280776665e-01
-1.000000000000000000e+00
9.041541850697740745e-01
-1.652039987573258040e-01
-1.000000000000000000e+00
1.843353478810425827e-01
-8.648864563018558993e-01
-5.268776841411264567e-01
-1.000000000000000000e+00
-7.558212229366566559e-01
-1.024184628864349966e-01
-8.170422944076445315e-01
-3.291935398684595615e-01
7.052044687230405451e-01
-1.406077415602508540e-01
1.000000000000000000e+00
5.674347840927789210e-01
2.217298348042043565e-01
-6.177281942976329265e-01
1.573426715310087820e-01
-1.873479098351697181e-01
-1.405360027619793062e-01
-7.661125208350260118e-01
1.000000000000000000e+00
1.375908558021139184e-02
-4.153556989091262697e-01
3.200221366895720232e-01
9.426653679487695392e-01
-8.735325861010774240e-01
-5.414606031601328917e-01
1.000000000000000000e+00
-1.693627910403618930e-01
2.607505103682145053e-01
5.916131814324254723e-01
5.159694573432336284e-01
1.462142151982607496e-01
8.608836648240464351e-02
-2.677830026669792973e-01
-4.207885042312008439e-01
-4.001617387038219203e-02
4.140493962455882304e-02
-4.994853250637231734e-01
-5.246345561541407854e-01
-2.488297858424508013e-01
-7.789149765355334043e-02
7.845904721339088672e-01
3.029105446374826260e-01
-8.169110264480861083e-02
4.574260098890076121e-01
-5.487300650878140784e-01
-5.995996091144997209e-01
-3.043292622595655250e-01
2.605164011812433622e-01
2.302554786900735256e-02
-9.395807603102636074e-01
1.000000000000000000e+00
-5.148716624957004884e-01
-2.244629202524323075e-01
7.529793771487648668e-02
-2.505436859957075324e-01
1.132092944619854935e-01
-1.156611076640025049e-01
3.580495069029096533e-01
-1.000000000000000000e+00
-4.818256400233247305e-01
-2.759946249359639947e-01
-7.150431165677618717e-01
1.000000000000000000e+00
1.000000000000000000e+00
2.015289112399538118e-01
-2.967108811749246122e-01
8.936883399045134624e-01
-8.271183597372669949e-01
4.677317156879535753e-01
-1.114777524584875112e-01
4.888532497430120305e-01
-6.145413642821953015e-01
2.142686567183555990e-01
-4.148300646602431918e-01
4.327734286241000650e-01
6.999379503440874561e-01
-1.894893276213624744e-01
-9.962766137428283875e-01
4.630447198556416066e-01
2.101584563799978322e-01
1.333448986232133038e-02
2.727805895679449866e-02
-1.000000000000000000e+00
-2.216418241863659933e-01
1.000000000000000000e+00
4.529631503464097153e-01
-2.075370693178706788e-02
-3.143268715707114302e-01
-4.499539571140466210e-01
1.250520381882624099e-01
-1.012140851298684030e-01
-5.503010147669221697e-01
2.786502863348680470e-01
6.715404889986318349e-01
7.895302956543551742e-01
-1.000000000000000000e+00
-6.862935543687256335e-01
5.195427335821015125e-02
-1.000000000000000000e+00
4.295741864495830065e-01
4.550364654600392300e-01
-2.890462661897938990e-01
-6.001138499121814185e-01
5.671432483258387336e-01
-5.757852932496742016e-01
-5.173967052902256336e-01
-4.319260819654203720e-01
1.808565544786480683e-01
1.586613766462421360e-01
2.740257449027028169e-01
5.029371746650121988e-01
7.717164405531431459e-01
-9.600627311236225037e-01
-6.474833135820494412e-02
-1.000000000000000000e+00
-8.962642403556199400e-02
-3.750228040038020016e-01
5.672725545350577603e-01
-2.663374496239923617e-01
5.377669376602262075e-02
-9.650514803506466954e-01
1.167550499666003966e-01
-1.605894470891126857e-01
-8.663477863733624051e-01
-7.501623503675001192e-01
-1.000000000000000000e+00
-5.652059207769770666e-01
8.510728305827530704e-01
4.282281762809614367e-01
-3.543658875226298743e-01
-1.000000000000000000e+00
-2.084423984001024244e-01
-2.873233036321323208e-01
3.210423351541864534e-01
-1.402153305959887575e-01
-2.335820899230721670e-01
7.497456919798473063e-01
1.000000000000000000e+00
-2.102423186453721005e-01
1.000000000000000000e+00
5.503280443383585796e-01
-2.446046748218851929e-01
7.743869090062365235e-01
2.196687450177721712e-01
2.221479779842912838e-01
-7.983385025110231181e-01
3.511956518955401396e-01
9.286734806607765957e-01
-2.573926227550791049e-02
-8.961760294545397798e-01
-2.423691865837639403e-01
2.098347762072963196e-01
1.000000000000000000e+00
-2.092203900898242930e-01
4.305170833546576037e-02
-7.536481068817149076e-01
-6.240308805690121252e-01
3.022880354790591362e-03
8.622460713416886247e-01
3.026778757711073853e-01
-4.337505698951021893e-01
-7.888397899580286143e-01
6.786468931273275107e-01
1.000000000000000000e+00
5.453213648367404298e-01
-1.000000000000000000e+00
1.000000000000000000e+00
-4.660473839808194074e-01
-1.413073831898059574e-02
2.971568860490557129e-01
