1.027353121586259688e-01
1.642753191670478952e+00
-2.478393005367859614e-01
1.018229976148926630e-01
-2.173324380785474630e-01
3.324638032725658610e-01
2.578217283767213486e-01
1.011174980688106295e+00
5.756661955835795652e-01
8.090858077958354433e-02
3.787453122264144989e-01
1.986548045392902306e+00
-1.020689345255631597e+00
8.358920669053017116e-01
-5.288471366815783448e-02
-3.551801294215629623e-01
2.879238401512371759e-01
-4.096166702901932744e-01
5.067143456429832327e-01
-4.527736170394576209e-01
-8.237474184395393584e-02
-1.131031039672897864e-01
3.659936952877811955e-01
-8.144665356594764649e-01
5.485805871039441950e-01
4.626616185891586852e+00
-6.518998542801539564e-01
5.716226584932830868e-01
1.377019283829806762e+00
-4.073072868935803670e-01
7.415636088410122451e-01
-6.838000587788883866e-01
-1.471725844306575048e-01
-3.800489128268176309e-01
-3.845105968949547037e-03
5.397772383474637170e-01
1.218366135794335614e+00
-6.648299841203280103e-01
2.784766719392787332e-02
-1.535353787668275460e-01
4.707181407404109064e-01
-1.422461889526661860e+00
1.659795820121099830e+00
1.871465521677294630e-01
-1.032652227226773078e+00
-1.742802736810665110e+00
7.516291080322118345e-01
-1.744487527447030395e+00
-8.763152219334267023e-01
-2.021927996877617151e-01
9.323577686221481975e-03
4.380224266223181617e-01
1.505794615139861126e+00
1.059862657135999253e-01
3.609257011135186266e-02
3.516579450284639252e-01
1.403180168318780563e+00
7.442131778298821665e-02
-1.002305940273864771e+00
1.544584471614021508e-02
-1.427305397891768690e+00
8.122317415424658016e-01
2.826455701556285227e+00
-5.278410413427092607e-01
-1.746203074633877028e+00
-4.408858484622318885e-01
1.322191393076185273e-01
-6.959472230835423989e-01
-9.919558211803778391e-01
1.043946655174562199e+00
6.681219082088790673e-02
-1.971800262293424977e-01
2.780793448482470759e-02
-8.211155989771038444e-01
-4.352766433482209152e-01
-1.038708143171565457e+00
1.141628287710715783e+00
-9.951442738342457517e-01
1.128448324107578782e-01
-1.162745838110075258e+00
5.205559053482239351e-01
-3.835293575579645231e-01
-3.245388064822801732e-02
1.441992168912918704e+00
3.493905252479024837e-01
3.783427855125025552e+00
5.903497749020547580e-02
3.707458454599280584e-01
1.235823719485130701e+00
1.773092126236911259e+00
-2.941992161663228855e-03
-6.102883867474520052e-01
7.146364121874673736e-02
7.878198936512859074e-01
-1.469798558073103001e+00
3.160215612468170399e+00
2.903750808746266010e-01
-6.855931208582393133e-01
-4.161237050547531569e-01
2.286580556695129718e-01
1.090108661073549090e+00
3.842882602393348224e-01
9.583637112246028156e-02
3.347258256953256073e-01
-1.930763977961512001e+00
-1.089785285544575544e+00
-4.028203264289313412e-01
-1.081623214087825413e-01
1.502332558741380719e+00
-2.036989541225076472e+00
-3.739915957948508618e-02
-3.013271441121722627e-01
-1.032493588859841660e+00
-1.203320329871385930e+00
4.410222430567136698e-01
4.433183222667944623e-01
-5.072816049219830425e-01
-6.051864172815192289e-01
4.468542316085125088e-01
-4.210544081911085534e+00
-5.347873942781807832e-01
-1.417793867731488522e+00
-1.440003050495894665e-01
-4.474969180607086261e-01
-1.352080928104357760e-01
7.568381260252402543e-01
-9.477324062287375561e-01
3.036898623436561362e-01
2.086182201821388027e+00
-6.019694821681299546e-01
-4.759328432388258978e-01
-5.301824988080030110e+00
3.899317356060225670e-01
-4.686981284774807133e-01
-3.764239645130912360e-01
3.741086317671971084e-01
6.018696108948489165e-01
-7.070372365415316107e-01
3.579782518095820931e-01
2.286647011623922920e-01
-4.579112925482147212e-01
2.038042014230594390e-01
-1.439305665821745794e+00
-2.233379428480603224e+00
9.202393174449856605e-01
5.393672707699852520e-01
-3.612080023327007838e-01
-1.201751300550481183e+00
2.598684945950284764e-01
-9.660232058339677241e-01
3.648655185903366682e-01
-6.265918555141620772e-01
-7.715518499774757233e-01
-1.254985227954970584e-01
7.586595746917479399e-01
2.568352835138069112e-01
9.308589781779375016e-01
1.699370297276925346e-01
-4.882256483795380797e-01
9.278273580523266340e-02
2.441441778006648633e+00
-1.028373511253807271e+00
-8.913394264692728886e-01
5.055981667696851645e-01
-3.850236754307508058e-02
-6.682209211168204099e-01
-1.859367877678974379e+00
-2.646922457592760791e-01
-9.662142268387123867e-01
-6.691060595679414469e-01
-3.140965299642137221e-01
-5.677504009316756139e-01
7.378444337623349947e-01
-4.099740281882078841e-01
7.696372050815488697e-01
1.010519362856707515e+00
-1.158220417676803393e+00
-1.486015428788809434e-01
5.362381085560790073e-01
-3.398440957475035162e-01
2.895506312901038326e-01
-2.698505456589218865e-02
2.253867079168274667e+00
-4.903513523426415999e-01
5.934508878035511525e-01
-1.956689834918666993e+00
-1.263422776531534897e+00
2.064631381741563187e-01
7.709033657297522657e-01
-1.005757448553433075e+00
-5.559580389768348230e-01
2.171910722664778526e-02
2.280154836222830106e+00
1.532088676820775319e-02
-4.653145657128521240e-02
-1.388621621505729542e-01
-4.428790026510845301e+00
-2.791656431364485602e+00
1.126878521242040687e+00
-2.007620532986943429e-01
-1.094492660350335100e+00
-1.000552703309292690e+00
-6.171670501635765360e-01
3.930264426175365533e-01
-2.584656881033254860e-01
3.754762663211479445e+00
-4.424644421919540216e-01
-2.394587310771001842e+00
-2.917146322151537685e+00
2.741389522058697015e-01
8.857524370578018225e-01
7.012408005989065884e-01
6.290603065244579906e-01
7.664235664665839387e-01
7.836310063678317839e-01
-3.474762666105689624e-01
1.830473199810929152e+00
7.929431873624699367e-01
3.279982813945707676e-01
-2.350571791577154013e-01
-1.625109422109265678e+00
9.520956289692936170e-02
-2.017644920091576921e+00
5.711764164476318406e-01
2.178210384584073345e-01
6.235196336173134610e-04
-3.395782151950137440e-01
2.022518703060570022e+00
9.755877662609141465e-01
-8.907557045026992526e-02
9.170093299032711087e-02
-5.427410892924360297e-01
-1.431671145130634759e+00
1.499985193828830554e-01
7.190116495449707656e-01
-4.705938135962936530e-02
1.972306242472315896e-01
-6.374883638658559448e-01
-1.053754093874030850e+00
2.185533156650831532e-01
-1.777672032523151424e+00
-1.461755688031910250e+00
1.321112074747080811e+00
-1.647203142440309409e-01
-4.492014868779758419e-01
-8.075665414678179221e-01
-1.973833352514215322e+00
-6.460717233604145182e-01
-1.448671412697839944e+00
1.507658952157696075e-01
-1.395647753851743778e+00
-2.167738781955270977e-02
-6.601037540113012803e-01
-3.982508471855702448e-01
-6.819432310048616497e-01
-8.582310547268492407e-01
-2.928268794015685961e-01
5.648668424367577767e-01
-9.994739283738318658e-01
-1.889719605150905202e-01
5.649192004387355581e-01
-4.121274362646040190e-01
-5.000884539495284997e-01
7.860760629818436263e-01
1.363176629040088850e+00
