-6.411058270035705497e-01
5.225896491184154335e-01
-2.509013391549604899e-01
2.278345702970398512e-01
-2.882680672733182736e-01
6.648720143427564455e-01
-2.010613156999986953e-02
6.184528850551400669e-01
4.730032898185079215e-01
1.210508665958798247e+00
-4.010031520210202149e-01
-7.977340223332538560e-01
-6.892681840568626317e-01
-2.655000948291155183e-01
-1.035608759466674744e+00
-9.599467534850230077e-01
-2.026322042959114722e-01
-7.369721198580376775e-01
-1.759736081365040616e-01
-8.310001685289444828e-02
-9.327146286306098322e-02
3.067181667460247008e-01
-5.613492998422703328e-01
-6.320218935469065213e-01
-3.160605835893792737e-01
-6.608407809866707616e-01
2.323837271223051504e-01
5.737638223081042987e-01
7.702920110169020340e-01
-3.311996394524665543e-01
-4.089832254873460027e-01
2.191703341897637713e+00
2.338177959469717182e-01
2.013313646750209074e+00
2.961368600066182077e-01
-9.002593196182777369e-02
-9.501025626139340818e-02
2.671199597015862515e-01
-4.125071823966963147e-01
1.852482117833299524e-01
1.397462606510229133e-01
3.214900622872327585e-01
-2.915566699443040144e-01
-1.335769981969803233e-01
-1.960063509292793715e-01
3.871433121516102971e-01
4.307843752928784409e-01
-2.320557268634005632e-01
-1.174160092473260086e-01
3.090390980287474498e+00
3.831076847722020284e-01
4.324647878948724156e-01
5.431565822158507251e-01
-6.694022209681503854e-01
-1.774287481722866544e-01
7.095034270309960589e-02
1.348921154648393905e+00
2.478497020034925669e+00
1.999063345143465564e-01
-1.438533285594787881e+00
1.138561443469656265e+00
1.097186868834402862e+00
-4.841319215826183076e-01
-6.848150213096346750e-01
9.774473676748959838e-02
4.922293138159373749e-01
2.813230534727342858e-01
-5.172646243154219725e-01
3.361439911538774972e-01
1.451753231839973957e+00
1.234347378120498995e+00
-4.832411817415738775e-01
-6.949390017609353709e-01
-3.302607098074136216e-01
-2.082742290434530241e-01
4.656653810514659320e-01
2.767487354821996925e-01
-3.330575763042624704e-01
-3.296317581975646283e-01
-1.525166503869760604e+00
4.694406559744995766e-01
-8.996547147730415972e-01
-5.555695245403964311e-01
-6.686845726127492728e-01
3.404263485647911480e-01
-2.113540603903655501e+00
-7.964597811532971861e-01
4.105157282238897642e-01
1.182772952774208353e+00
-1.644138385890957288e+00
-3.190433396884428396e-01
-9.626753178514510512e-02
-4.404308204541169253e-02
1.919473596622867095e+00
-1.037910336922641896e+00
1.447261121640006087e-02
-1.240102326510342245e-01
-5.975772200053759420e-01
-5.796001387351537026e-01
1.396665269095044515e+00
-4.696674154029024106e-01
1.580836883138135307e-01
1.896332199521246764e-01
5.433510727243916483e-01
-2.971060843404289997e+00
-4.197409603356723196e-01
9.213049574188179047e-01
2.712843461979774773e-01
-1.246198821477902063e+00
-3.527081609676033791e-01
-2.541155286348212305e-01
8.919142734427512043e-01
9.648264667185395549e-01
2.430100571658890263e-01
-9.792115592894445886e-03
1.504490793124669268e-01
1.658883035773570214e+00
1.872946007638327526e-01
-1.598100048874555312e-01
7.851680898129237418e-05
-5.085305287896282334e-01
1.672535768017342050e+00
6.212432064589907821e-01
4.420672772508161263e-01
-2.008457866959354909e+00
1.134265273084256176e-01
-1.724356981455626436e-01
-2.895152419195238802e-01
2.465739498282284003e+00
5.490903661463935048e-01
-3.005560282860377797e-01
1.350251802784149469e+00
8.488802830300978819e-01
2.310050019824431144e-01
1.318392619458324422e+00
-3.497463082482904495e-01
-2.020079910722380190e-01
7.966619697803851707e-01
3.416090677024220534e-01
-1.145504781279972129e+00
2.420241359518142676e-01
1.171766606569489694e-01
4.878574643403387201e-01
-1.611250843822138734e-02
1.795842321837981537e-01
-5.820495039026190032e-01
1.296414597035721261e+00
-7.695630661362737879e-01
1.243451000392335359e+00
4.837090606938518333e-01
1.166131585511203522e-02
-1.256093008428597724e+00
3.939823427298771996e-01
-3.500269664448617535e-01
-1.019651060832194034e-01
-2.750422993469759936e-01
8.945654750203662076e-01
-4.144468786637186541e-01
5.234023360971575833e-01
-3.927905536666120856e-01
2.550892254245431090e+00
-8.015487808357470989e-01
-2.014499723460369651e+00
-2.590425237705347161e-01
-3.696565032830749220e-01
-5.007137816977635936e-01
-9.212010251258158089e-01
-3.900885585851887605e-01
1.000129128417167168e+00
9.558699794878495748e-01
4.365082029126862717e-02
2.941960494677677840e-01
7.064467277343201568e-01
-1.149710042684016109e+00
4.648374841104352395e-01
1.629214457249197112e+00
1.187973270263581238e+00
4.167757837129824061e-01
-2.762722235646957181e+00
-4.014925664971830122e-01
-3.950944421517258442e-01
-5.802268015701432802e-01
-1.396959814954310541e+00
-2.507647369113522373e+00
5.088971546551037672e-01
-3.701946855053697694e-01
-7.089446997067108680e-03
-8.496370671966421706e-02
-3.933395369475245928e+00
3.938437855310336078e-01
7.779381938002800645e-01
-1.217988322816254909e+00
-3.913480943467547712e-01
-2.601639389550991499e-03
-3.945105556539875158e-01
-2.008810640695992966e-01
-1.370850184045135478e+00
-2.549036033162349613e-01
-2.011482939576321460e-02
-5.777361055922348998e-02
1.193071221296504447e-01
-1.039979164778143339e+00
-4.456332340967029682e-01
-3.009426791122772560e+00
-4.494701441111109474e+00
-1.107054281042090249e+00
-2.074576908035467016e-01
4.570920571109514663e-01
1.231802285155692456e+00
3.594782782572447655e-01
-1.036713045731484095e-01
1.506564629753640583e-01
3.627113222392756575e-01
3.826693498136551908e-01
-1.014749873478288239e-01
-1.463189530256929105e+00
2.492264854034746402e-01
-7.143739920362863760e-01
-1.122835032182363385e-01
2.821105788638933465e-01
-9.984698186715155188e-01
-1.551369218204541323e-01
4.821539678829780406e-01
-2.405723156289742426e-01
6.204540188534364287e-01
6.380207829815895404e-02
-3.011161881072575763e+00
3.788398583701926281e-01
7.153860571730336071e-02
5.787036290349021339e-01
4.440204567104680256e-02
-6.345145849785538417e-02
5.054788267306125071e-01
-3.341080940312933234e-01
8.068956817637604750e-01
-3.059794837756067976e-01
-1.143792440720670378e-01
4.413399753938828107e-01
4.879775949518311284e-01
-7.601818450677698680e-01
6.009317451490570061e-01
-8.179179089401199532e-01
-2.568349783254395113e+00
2.288025461238487046e-01
8.138474341384531741e-01
4.959289761037753985e-01
-3.527970434191284727e-02
1.578698834354093972e+00
-4.536702974285168333e-01
-1.020517617645036346e+00
-5.627537777924831452e-01
-1.321311091783041736e-01
1.455284927815510831e-01
1.820594108822010337e+00
2.963798033381288555e-01
1.897375786731430924e+00
1.131362738363973941e+00
9.973381719644260901e-01
9.533897477945027510e-02
2.333383439515817059e-01
-9.600462483838226868e-01
-3.465795794396108187e-01
-8.029364893415116278e-01
3.529244359946444587e-01
2.545555013301796787e-01
