5.028677224827087233e-01
-1.026394034110383879e-01
5.372987051864743790e-01
-5.453209961705307585e-01
-2.304827752334971391e-01
-1.607867749966945536e-01
-1.338878905180789225e+00
-9.324637502235928466e-01
-4.778268642644239311e-02
5.029043006311182396e-01
-4.522934597372559873e-01
2.791305587267801092e-01
3.685552074264077937e-01
9.405927274219623158e-01
1.434133998225967765e+00
1.010307227925733242e+00
3.557798361352294325e+00
-6.562749512863261803e-01
-5.099340935756134785e-01
-2.271809422769179021e-01
-7.405717188262204986e-02
8.667908061106481821e-01
-9.482974278464956219e-01
-7.829826195150793589e-02
1.665496489449231898e+00
3.411301704124872769e-01
1.137438613864194981e+00
2.158693298920391634e-02
7.292935534713034240e-01
-1.728937956617098148e-01
-3.040970031740620749e-01
-5.730835913151305361e-01
-1.615980316631459579e-01
-3.592520146693005678e-01
-1.785802285391087318e+00
-3.109008832123791866e-01
-1.252498216521450991e-01
4.888721243922111714e-01
3.788840109626543939e-01
2.800770866008631677e-01
-7.147236880469223230e-01
-1.559883727120514596e-04
3.964989617174374814e-01
2.082345136318539125e-01
-1.860314845505433301e-01
1.660283242439377083e-01
-7.736989353676766434e-01
4.629931235232350728e-01
1.598603395417055317e-01
1.372142014665635526e-02
2.786150389660652094e-02
-9.922871030578805929e-01
9.698345153070795366e-01
-3.065587502022667499e-01
6.103261911583446331e-01
2.295496834444841205e-01
5.672591063420678176e-02
5.055526649472130707e-01
7.196102449141278390e-01
-9.699808767095968731e-01
-4.384222342677825124e-02
2.861767972848514585e-01
-5.204193196696025314e-01
4.284314857561144496e-01
7.584823408294649738e-02
-5.218020461279027078e-01
2.604082643806751030e-01
-9.621013846167767447e-01
-2.067427386046351290e-01
9.886618533033989520e-01
7.976365297452757686e-01
-3.013849866754660933e-01
8.277835675135045701e-01
9.891262055765698280e-02
-7.322073564770861798e-02
2.522450988631487201e-01
-5.728094252117026386e-01
-2.402401970932838138e-01
-4.936221805031660859e-01
-1.094772010260517181e+00
2.271803967558502779e-02
-5.975265795900720489e-01
1.539923417816750018e+00
-6.720756338746408654e-02
-1.927094947428005176e-02
-7.840140345433965763e-01
5.738919518182320489e-01
1.845014852956449458e-01
-1.848011993744319015e-01
3.316881326800782404e-01
6.279690104527918537e-02
-1.109981679206083705e+00
-2.729356394564367294e-01
-2.763782239305991317e-01
-5.228657613603526766e-01
4.707247290684496432e-01
-1.935262813900718581e-01
-5.671825339844240865e-01
7.515888565861963411e-01
-2.398309671390564113e-01
-2.908470691959157417e-01
-2.841112004729078322e-01
5.452814814071014204e-01
-4.015048069622006999e-01
7.913803217528032619e-01
-2.667643479220921376e-01
1.530054112124573651e-01
6.468505261705962406e-01
1.076543554321653717e+00
-1.535115418546729171e-01
7.431257236993678017e-01
8.825373203200213013e-01
-9.702201873660927234e-01
-1.903131081166727689e+00
3.754061973422433973e-01
1.675516215260967723e+00
-1.106826956199985501e-02
9.282879183511574261e-01
6.758348330010952587e-01
-1.349771743028459203e-01
1.797709476357357561e-01
-9.373881493547503441e-01
4.297717500804648996e-03
-4.514736551582512747e-02
-4.579158758974721799e-01
-2.598958625648300824e+00
5.415433406495674395e-01
7.526224203785270017e-02
-1.000239393875637539e+00
8.434774835658611636e-01
3.683632894122057522e-01
2.502918056706525674e-01
-7.322174400607266431e-01
-1.062164924785761855e+00
-7.689013300493352521e-01
-1.922614799321320234e-01
-3.360121811571640249e-01
-5.257457765423730889e-01
3.491941427476168425e-01
6.043507934479354082e-01
-4.678594178075897725e-01
-7.280470914573953234e-01
1.044035771425835257e+00
6.981080139872677393e-01
-3.526844235220772394e-01
1.844809120992733642e-01
1.962883774152046623e-03
-5.547154899592079413e-01
7.959907569005992833e-01
3.478281097694992940e-01
-1.141977563171118759e-01
1.693859542991236755e-01
-3.852767699049934880e-01
6.332851932570254805e-01
-9.162684857756628887e-01
-6.666885770179222792e-01
-1.584989497364491795e-01
4.172850132036555193e-01
5.365878581782896894e-01
-1.060426559985545136e+00
-4.678552297640091728e-01
9.350756034537756056e-01
1.640975905839218596e+00
-1.458907708338847531e+00
-4.675700902102750689e-01
3.560561444935262942e-01
-2.532444270840350509e-01
-3.751743992901485623e-04
1.141428609136468375e-01
-7.763344272001207469e-02
7.210129421678150852e-01
-2.205782003879356024e-01
9.184638449510124092e-01
1.355904930717036994e+00
5.301149885531288852e-01
-5.843473320128358406e-01
1.087487745269332340e+00
4.238677937374892846e-01
3.582463945044686016e-01
-6.289584704109153768e-02
3.122235221479897072e-01
1.898042408670245207e-01
1.144291905559749120e-02
-2.963691690486466301e-01
-1.281346322616719657e+00
-8.381665946553817914e-01
-5.287150362171201268e-01
-7.355497056654818344e-01
9.325607528582074979e-01
7.048734116624952861e-01
3.612106465153899215e-01
3.356257460789580094e-01
2.016052929543982741e-01
1.486399831940624604e-02
-7.556191080340690647e-01
3.785597036982444874e-01
1.451702175708519338e+00
1.971410691286608619e-01
2.926938823044322041e-02
-4.493191877941435930e-01
2.096066177072499759e-01
1.990771288343198830e-01
-2.912140062194636392e-01
-3.281218134940105946e-01
7.881208933217043189e-01
9.213874324541451166e-01
1.662949589195118483e-01
4.566091336126325111e-03
6.210393892017048723e-01
-2.938952924546783585e+00
-2.168667198832526510e-01
-6.144275095017404098e-01
5.751557074493340860e-01
1.980623504804275015e-01
1.186092669885904893e+00
-8.206661233859390281e-01
-7.557043979414057588e-01
1.731348824389183250e+00
5.996385631548785122e-01
1.417167550717999824e-01
-7.942336308402224709e-01
-4.526821567489986986e-01
3.015916185249420955e-01
2.310187336924693080e-01
-3.284696473354083157e-02
-1.371871003221047589e-02
-4.805333153027195880e-01
-3.093384192555654888e-01
1.712846985941584577e-01
1.475773273354357595e+00
1.432330290888649937e+00
8.615639383722258904e-01
5.404807259537691699e-01
6.657956491947911171e-02
5.269298719910328055e-01
1.717145481769380977e-01
7.581915621861115007e-01
-1.016439913328505584e+00
8.411851746828735710e-01
-1.899877974006318304e+00
-4.233010234323452137e-01
-1.125654669128359764e+00
4.205579544046030849e-01
9.714281441570113973e-01
2.089520166481061980e-01
-5.874313832335190666e-01
4.962615228422347369e-01
2.880058256786945381e-01
3.561488745698307978e-01
-9.406107516867601159e-01
-6.019267302122861540e-01
-1.172614155714865714e+00
4.164596953722460304e-01
-6.903152040032625170e-01
3.845841026248413841e-01
1.085913434845497960e+00
1.953256895024499507e+00
-6.072006283865939436e-01
5.380433348435331720e-01
-1.082000360291901497e-02
-5.405075849420224454e-01
-6.478493908700794224e-01
-2.043841601749196268e+00
3.201573382560848890e-01
-1.989680572942251757e-01
